{
    "camera_angle_x": 0.6911112070083618,
    "frames": [
        {
            "file_path": "./train/r_5",
            "rotation": 0.012566370614359171,
            "transform_matrix": [
                [
                    -0.12173833698034286,
                    0.6862695217132568,
                    -0.7170870900154114,
                    -2.8906705379486084
                ],
                [
                    -0.9925621747970581,
                    -0.084171362221241,
                    0.08795115351676941,
                    0.35454243421554565
                ],
                [
                    0.0,
                    0.7224606275558472,
                    0.691412091255188,
                    2.7871713638305664
                ],
                [
                    0.0,
                    0.0,
                    0.0,
                    1.0
                ]
            ]
        },
        {
            "file_path": "./train/r_11",
            "rotation": 0.012566370614359171,
            "transform_matrix": [
                [
                    -0.9757387638092041,
                    -0.17523755133152008,
                    0.13124708831310272,
                    0.52907395362854
                ],
                [
                    0.21893838047981262,
                    -0.7809780836105347,
                    0.5849266052246094,
                    2.357914447784424
                ],
                [
                    -7.450581485102248e-09,
                    0.5994703769683838,
                    0.8003968596458435,
                    3.2265028953552246
                ],
                [
                    0.0,
                    0.0,
                    0.0,
                    1.0
                ]
            ]
        },
        {
            "file_path": "./train/r_17",
            "rotation": 0.012566370614359171,
            "transform_matrix": [
                [
                    0.28662192821502686,
                    -0.25357696413993835,
                    0.9238758683204651,
                    3.7242627143859863
                ],
                [
                    0.95804363489151,
                    0.07586367428302765,
                    -0.27639979124069214,
                    -1.1142032146453857
                ],
                [
                    0.0,
                    0.9643357992172241,
                    0.26468199491500854,
                    1.066967248916626
                ],
                [
                    0.0,
                    0.0,
                    0.0,
                    1.0
                ]
            ]
        },
        {
            "file_path": "./train/r_23",
            "rotation": 0.012566370614359171,
            "transform_matrix": [
                [
                    -0.4675160050392151,
                    0.5285975337028503,
                    -0.7085289359092712,
                    -2.8561718463897705
                ],
                [
                    -0.8839846849441528,
                    -0.27956119179725647,
                    0.37472212314605713,
                    1.5105533599853516
                ],
                [
                    0.0,
                    0.8015173077583313,
                    0.5979713797569275,
                    2.4105000495910645
                ],
                [
                    0.0,
                    0.0,
                    0.0,
                    1.0
                ]
            ]
        },
        {
            "file_path": "./train/r_29",
            "rotation": 0.012566370614359171,
            "transform_matrix": [
                [
                    0.8931812047958374,
                    0.20586314797401428,
                    -0.3998093008995056,
                    -1.6116830110549927
                ],
                [
                    -0.44969668984413147,
                    0.4088824987411499,
                    -0.7940956354141235,
                    -3.2011020183563232
                ],
                [
                    0.0,
                    0.889064371585846,
                    0.45778220891952515,
                    1.8453792333602905
                ],
                [
                    0.0,
                    0.0,
                    0.0,
                    1.0
                ]
            ]
        },
        {
            "file_path": "./train/r_35",
            "rotation": 0.012566370614359171,
            "transform_matrix": [
                [
                    -0.3977896273136139,
                    0.3703862130641937,
                    -0.8393910527229309,
                    -3.3836936950683594
                ],
                [
                    -0.9174765944480896,
                    -0.1605880707502365,
                    0.36393412947654724,
                    1.4670655727386475
                ],
                [
                    0.0,
                    0.9148910045623779,
                    0.40370094776153564,
                    1.6273707151412964
                ],
                [
                    0.0,
                    0.0,
                    0.0,
                    1.0
                ]
            ]
        },
        {
            "file_path": "./train/r_41",
            "rotation": 0.012566370614359171,
            "transform_matrix": [
                [
                    -0.994414210319519,
                    0.02083449251949787,
                    -0.10347140580415726,
                    -0.41710659861564636
                ],
                [
                    -0.10554812848567963,
                    -0.19629065692424774,
                    0.9748484492301941,
                    3.9297399520874023
                ],
                [
                    3.7252898543727042e-09,
                    0.9803244471549988,
                    0.1973932385444641,
                    0.7957176566123962
                ],
                [
                    0.0,
                    0.0,
                    0.0,
                    1.0
                ]
            ]
        },
        {
            "file_path": "./train/r_47",
            "rotation": 0.012566370614359171,
            "transform_matrix": [
                [
                    -0.9168165326118469,
                    -0.3853738605976105,
                    0.1045677587389946,
                    0.42152610421180725
                ],
                [
                    0.3993086814880371,
                    -0.8848220705986023,
                    0.2400885820388794,
                    0.9678280353546143
                ],
                [
                    -7.450580596923828e-09,
                    0.26187196373939514,
                    0.9651026129722595,
                    3.8904531002044678
                ],
                [
                    0.0,
                    0.0,
                    0.0,
                    1.0
                ]
            ]
        },
        {
            "file_path": "./train/r_53",
            "rotation": 0.012566370614359171,
            "transform_matrix": [
                [
                    0.2079109102487564,
                    0.16523794829845428,
                    -0.9640898704528809,
                    -3.886370897293091
                ],
                [
                    -0.9781477451324463,
                    0.03512227535247803,
                    -0.2049228399991989,
                    -0.8260704278945923
                ],
                [
                    0.0,
                    0.9856281876564026,
                    0.16892939805984497,
                    0.6809762716293335
                ],
                [
                    0.0,
                    0.0,
                    0.0,
                    1.0
                ]
            ]
        },
        {
            "file_path": "./train/r_59",
            "rotation": 0.012566370614359171,
            "transform_matrix": [
                [
                    -0.28166845440864563,
                    -0.5504832863807678,
                    0.7858948707580566,
                    3.168043851852417
                ],
                [
                    0.9595118761062622,
                    -0.16159653663635254,
                    0.2307025045156479,
                    0.929991602897644
                ],
                [
                    2.980232594040899e-08,
                    0.819057047367096,
                    0.5737119317054749,
                    2.31270694732666
                ],
                [
                    0.0,
                    0.0,
                    0.0,
                    1.0
                ]
            ]
        },
        {
            "file_path": "./train/r_65",
            "rotation": 0.012566370614359171,
            "transform_matrix": [
                [
                    0.9800372123718262,
                    -0.039007220417261124,
                    0.1949501782655716,
                    0.7858693599700928
                ],
                [
                    0.19881436228752136,
                    0.1922825276851654,
                    -0.9609891176223755,
                    -3.873871326446533
                ],
                [
                    0.0,
                    0.9805640578269958,
                    0.1961991935968399,
                    0.7909042835235596
                ],
                [
                    0.0,
                    0.0,
                    0.0,
                    1.0
                ]
            ]
        },
        {
            "file_path": "./train/r_71",
            "rotation": 0.012566370614359171,
            "transform_matrix": [
                [
                    0.9513999223709106,
                    0.208729088306427,
                    -0.22642995417118073,
                    -0.9127683639526367
                ],
                [
                    -0.30795836448669434,
                    0.6448431015014648,
                    -0.6995278000831604,
                    -2.8198866844177246
                ],
                [
                    0.0,
                    0.7352616190910339,
                    0.6777834296226501,
                    2.7322323322296143
                ],
                [
                    0.0,
                    0.0,
                    0.0,
                    1.0
                ]
            ]
        },
        {
            "file_path": "./train/r_77",
            "rotation": 0.012566370614359171,
            "transform_matrix": [
                [
                    -0.30372685194015503,
                    -0.8604696989059448,
                    0.40907466411590576,
                    1.649032473564148
                ],
                [
                    0.9527590870857239,
                    -0.27430620789527893,
                    0.13040752708911896,
                    0.5256894826889038
                ],
                [
                    -7.4505792646561986e-09,
                    0.4293578565120697,
                    0.9031345248222351,
                    3.640651226043701
                ],
                [
                    0.0,
                    0.0,
                    0.0,
                    1.0
                ]
            ]
        },
        {
            "file_path": "./train/r_83",
            "rotation": 0.012566370614359171,
            "transform_matrix": [
                [
                    -0.048472680151462555,
                    0.48035264015197754,
                    -0.8757349252700806,
                    -3.530200481414795
                ],
                [
                    -0.9988245964050293,
                    -0.023311378434300423,
                    0.04249916970729828,
                    0.1713196337223053
                ],
                [
                    0.0,
                    0.8767656087875366,
                    0.48091796040534973,
                    1.9386422634124756
                ],
                [
                    0.0,
                    0.0,
                    0.0,
                    1.0
                ]
            ]
        },
        {
            "file_path": "./train/r_89",
            "rotation": 0.012566370614359171,
            "transform_matrix": [
                [
                    0.9958323836326599,
                    0.01890719123184681,
                    -0.08922122418880463,
                    -0.359662264585495
                ],
                [
                    -0.09120257198810577,
                    0.2064458727836609,
                    -0.9741982221603394,
                    -3.9271185398101807
                ],
                [
                    1.862645149230957e-09,
                    0.9782753586769104,
                    0.20730985701084137,
                    0.8356927633285522
                ],
                [
                    0.0,
                    0.0,
                    0.0,
                    1.0
                ]
            ]
        },
        {
            "file_path": "./train/r_95",
            "rotation": 0.012566370614359171,
            "transform_matrix": [
                [
                    0.4534713923931122,
                    -0.11268524080514908,
                    0.8841186165809631,
                    3.5639960765838623
                ],
                [
                    0.8912708163261414,
                    0.057333339005708694,
                    -0.44983240962028503,
                    -1.813332438468933
                ],
                [
                    0.0,
                    0.9919751882553101,
                    0.12643210589885712,
                    0.5096641182899475
                ],
                [
                    0.0,
                    0.0,
                    0.0,
                    1.0
                ]
            ]
        }
    ]
}