{
    "fl_x": 1074.452670937213,
    "fl_y": 1072.2149734095053,
    "cx": 1487.9938481094716,
    "cy": 998.8971959995184,
    "w": 3008,
    "h": 2000,
    "camera_model": "OPENCV_FISHEYE",
    "k1": 0.03060524881256097,
    "k2": 0.006503338324805288,
    "k3": 0.0001980286672716662,
    "k4": 0.0001619462046311063,
    "frames": [
        {
            "file_path": "images\\train_frame_00168.jpg",
            "transform_matrix": [
                [
                    0.28049074100259197,
                    -0.4787078733098414,
                    -0.8319637709918537,
                    -0.8752680149991012
                ],
                [
                    -0.6986386390486498,
                    0.49254204260263384,
                    -0.5189473849024343,
                    -2.108662861250041
                ],
                [
                    0.6582013341220656,
                    0.7268019732361726,
                    -0.19629033460651804,
                    -4.434933014911396
                ],
                [
                    0.0,
                    0.0,
                    0.0,
                    1.0
                ]
            ]
        },
        {
            "file_path": "images\\train_frame_00164.jpg",
            "transform_matrix": [
                [
                    0.15423387971638597,
                    -0.985024386310761,
                    0.0770640559582753,
                    -2.316787085187998
                ],
                [
                    -0.7531725078211944,
                    -0.16769566910084552,
                    -0.6360890944098577,
                    -2.1654153699256846
                ],
                [
                    0.6394865782875857,
                    0.04006396058714782,
                    -0.7677576409597676,
                    -4.178866645812841
                ],
                [
                    0.0,
                    0.0,
                    0.0,
                    1.0
                ]
            ]
        },
        {
            "file_path": "images\\eval_frame_00163.jpg",
            "transform_matrix": [
                [
                    0.15989216801599274,
                    -0.9648834078601343,
                    -0.20840946198135832,
                    -1.6929858028879745
                ],
                [
                    -0.7453028833738607,
                    0.020436284141218206,
                    -0.6664127627267562,
                    -1.9002721941651615
                ],
                [
                    0.6472697325240491,
                    0.2618823543630099,
                    -0.7158627842202248,
                    -4.052953936936612
                ],
                [
                    0.0,
                    0.0,
                    0.0,
                    1.0
                ]
            ]
        },
        {
            "file_path": "images\\train_frame_00158.jpg",
            "transform_matrix": [
                [
                    -0.5211515482158536,
                    -0.8459154155324237,
                    -0.11326152725804857,
                    0.9959581010557701
                ],
                [
                    0.37827789503729087,
                    -0.34790584751790227,
                    0.8578271127616603,
                    3.7899660485186755
                ],
                [
                    -0.7650535261786428,
                    0.4042135957973916,
                    0.5013027738345041,
                    -0.13253627359338313
                ],
                [
                    0.0,
                    0.0,
                    0.0,
                    1.0
                ]
            ]
        },
        {
            "file_path": "images\\train_frame_00157.jpg",
            "transform_matrix": [
                [
                    -0.4747220422765038,
                    -0.8612283940149944,
                    0.18145146987329386,
                    1.7345370729798644
                ],
                [
                    0.42342757686241084,
                    -0.042742604197456555,
                    0.9049210777403995,
                    4.111671366980499
                ],
                [
                    -0.7715880181348412,
                    0.506417538330549,
                    0.3849587083597076,
                    -0.17476254610305128
                ],
                [
                    0.0,
                    0.0,
                    0.0,
                    1.0
                ]
            ]
        },
        {
            "file_path": "images\\eval_frame_00153.jpg",
            "transform_matrix": [
                [
                    -0.36786679728135224,
                    -0.7064168280938327,
                    0.604689411552583,
                    1.0600601667842364
                ],
                [
                    0.49770494329183246,
                    0.39972106396888313,
                    0.7697485696267696,
                    3.4164871922265525
                ],
                [
                    -0.7854704379420235,
                    0.5841218503064515,
                    0.2045430397587096,
                    0.27775529479622424
                ],
                [
                    0.0,
                    0.0,
                    0.0,
                    1.0
                ]
            ]
        },
        {
            "file_path": "images\\train_frame_00150.jpg",
            "transform_matrix": [
                [
                    -0.3299137811795135,
                    -0.9428263740022828,
                    -0.04727922877484512,
                    0.41410226556545066
                ],
                [
                    0.7728597253015449,
                    -0.2985197945159773,
                    0.5599765863756797,
                    2.3686290167371546
                ],
                [
                    -0.5420744801174987,
                    0.14820378121980124,
                    0.8271583265841533,
                    1.47866098900766
                ],
                [
                    0.0,
                    0.0,
                    0.0,
                    1.0
                ]
            ]
        },
        {
            "file_path": "images\\eval_frame_00143.jpg",
            "transform_matrix": [
                [
                    0.2021784312634512,
                    -0.6008899726043834,
                    0.7733402373828439,
                    2.57862775167817
                ],
                [
                    0.9583344496211159,
                    -0.04131551584009818,
                    -0.28264484927247335,
                    -0.8281012759878763
                ],
                [
                    0.20178940656348276,
                    0.7982632829927544,
                    0.5675004549992779,
                    2.0786807235969604
                ],
                [
                    0.0,
                    0.0,
                    0.0,
                    1.0
                ]
            ]
        },
        {
            "file_path": "images\\train_frame_00140.jpg",
            "transform_matrix": [
                [
                    0.17468725940334107,
                    -0.9010510157720244,
                    0.3969778688772872,
                    1.9055935116309801
                ],
                [
                    0.9823346678534569,
                    0.13201112841822715,
                    -0.13263356402881185,
                    -0.6585475408373941
                ],
                [
                    0.06710411116607105,
                    0.4131345167738338,
                    0.908194312531554,
                    2.488748830164249
                ],
                [
                    0.0,
                    0.0,
                    0.0,
                    1.0
                ]
            ]
        },
        {
            "file_path": "images\\train_frame_00139.jpg",
            "transform_matrix": [
                [
                    0.14994472701687814,
                    -0.8263670327836938,
                    0.5428020872915904,
                    0.9123642524197164
                ],
                [
                    0.9860538948302071,
                    0.08489425834661601,
                    -0.1431456649359558,
                    0.004590143387286813
                ],
                [
                    0.07221007775935993,
                    0.55669604994831,
                    0.8275718776287265,
                    3.310023185614213
                ],
                [
                    0.0,
                    0.0,
                    0.0,
                    1.0
                ]
            ]
        },
        {
            "file_path": "images\\eval_frame_00133.jpg",
            "transform_matrix": [
                [
                    0.06555661261404072,
                    -0.9905144764106215,
                    0.12076175952496208,
                    1.5099798741704742
                ],
                [
                    0.9960264096634762,
                    0.07226689117198906,
                    0.05204697583165458,
                    0.5635278801268423
                ],
                [
                    -0.060280359947975974,
                    0.11686987833196395,
                    0.9913161502483526,
                    2.717833325275836
                ],
                [
                    0.0,
                    0.0,
                    0.0,
                    1.0
                ]
            ]
        },
        {
            "file_path": "images\\train_frame_00131.jpg",
            "transform_matrix": [
                [
                    0.18433537226588656,
                    -0.9745623326113886,
                    0.12747050790926523,
                    1.2215287657228615
                ],
                [
                    0.9666382479183439,
                    0.15629300371892677,
                    -0.20293593730502696,
                    -0.4355813230824057
                ],
                [
                    0.17785097186394935,
                    0.1606261399759223,
                    0.970859554705769,
                    2.561755902177931
                ],
                [
                    0.0,
                    0.0,
                    0.0,
                    1.0
                ]
            ]
        },
        {
            "file_path": "images\\train_frame_00059.jpg",
            "transform_matrix": [
                [
                    0.1497357875884789,
                    -0.37165869571561716,
                    -0.9162144988015765,
                    -4.072966944713352
                ],
                [
                    -0.6935419618565801,
                    0.6209677444517878,
                    -0.3652377410599628,
                    -0.39362591324166346
                ],
                [
                    0.7046834332233043,
                    0.6901223617949391,
                    -0.16477980668513678,
                    -2.119123450613645
                ],
                [
                    0.0,
                    0.0,
                    0.0,
                    1.0
                ]
            ]
        },
        {
            "file_path": "images\\eval_frame_00055.jpg",
            "transform_matrix": [
                [
                    -0.14793925498906596,
                    -0.16508815207164962,
                    -0.9751204432678292,
                    -3.395896201644053
                ],
                [
                    -0.9733646344462247,
                    0.1989119559402659,
                    0.11399702712520349,
                    1.3265626101635521
                ],
                [
                    0.17514355609798146,
                    0.9660123890663024,
                    -0.19011785536284448,
                    -2.6294851138205706
                ],
                [
                    0.0,
                    0.0,
                    0.0,
                    1.0
                ]
            ]
        },
        {
            "file_path": "images\\train_frame_00054.jpg",
            "transform_matrix": [
                [
                    -0.18405402836279153,
                    -0.3776487553257112,
                    -0.9074720559027529,
                    -2.399090971610111
                ],
                [
                    -0.9744708689495016,
                    0.1908744188797774,
                    0.11820948264039428,
                    1.2865219917089525
                ],
                [
                    0.1285715373332338,
                    0.906062014333593,
                    -0.403138916466173,
                    -3.0821462475885846
                ],
                [
                    0.0,
                    0.0,
                    0.0,
                    1.0
                ]
            ]
        },
        {
            "file_path": "images\\train_frame_00053.jpg",
            "transform_matrix": [
                [
                    -0.19469846608329572,
                    -0.5995214504243049,
                    -0.7763160038192883,
                    -0.9963340696848653
                ],
                [
                    -0.9756112301959367,
                    0.20015933885465242,
                    0.09010530830555688,
                    1.0169471629834377
                ],
                [
                    0.10136683294047792,
                    0.7749259768199838,
                    -0.6238705760245559,
                    -3.730568809451706
                ],
                [
                    0.0,
                    0.0,
                    0.0,
                    1.0
                ]
            ]
        },
        {
            "file_path": "images\\train_frame_00046.jpg",
            "transform_matrix": [
                [
                    -0.3804698792795795,
                    -0.3664457307920803,
                    -0.849093750621944,
                    -3.1578281584529533
                ],
                [
                    -0.9142293492194126,
                    0.010657583565759311,
                    0.40505692555292455,
                    2.4885428731934307
                ],
                [
                    -0.1393820934942173,
                    0.9303783866238494,
                    -0.33907033151895183,
                    -1.5617246210934794
                ],
                [
                    0.0,
                    0.0,
                    0.0,
                    1.0
                ]
            ]
        },
        {
            "file_path": "images\\eval_frame_00045.jpg",
            "transform_matrix": [
                [
                    -0.4698478961859257,
                    -0.2937182206662666,
                    -0.8324497349980369,
                    -3.234217833488261
                ],
                [
                    -0.8407194170888684,
                    -0.13862160826570077,
                    0.5234261279794727,
                    3.024267059389707
                ],
                [
                    -0.26913531202614843,
                    0.9457873210032329,
                    -0.181803540257374,
                    -1.3483416979067784
                ],
                [
                    0.0,
                    0.0,
                    0.0,
                    1.0
                ]
            ]
        },
        {
            "file_path": "images\\eval_frame_00035.jpg",
            "transform_matrix": [
                [
                    -0.5730922097470948,
                    -0.7353244827184915,
                    -0.3617502235548375,
                    -0.7791210178384821
                ],
                [
                    -0.22536220908020108,
                    -0.2829974643995196,
                    0.9322683679402269,
                    3.6938518671472176
                ],
                [
                    -0.7878941514224377,
                    0.615800568575757,
                    -0.0035307075906499358,
                    -1.2324146298395051
                ],
                [
                    0.0,
                    0.0,
                    0.0,
                    1.0
                ]
            ]
        },
        {
            "file_path": "images\\eval_frame_00009.jpg",
            "transform_matrix": [
                [
                    0.17333800932842927,
                    -0.9751084802921,
                    0.13826563631101088,
                    0.7761745779740049
                ],
                [
                    0.9835338933988682,
                    0.16410025311594764,
                    -0.07571121094623745,
                    -0.5393646454225023
                ],
                [
                    0.05113721793098575,
                    0.1491125701935061,
                    0.9874970513133523,
                    4.174574901792812
                ],
                [
                    0.0,
                    0.0,
                    0.0,
                    1.0
                ]
            ]
        },
        {
            "file_path": "images\\train_frame_00003.jpg",
            "transform_matrix": [
                [
                    0.42627965004131185,
                    -0.903551869883176,
                    -0.0433552579426399,
                    2.526716589026718
                ],
                [
                    0.6774011380391988,
                    0.350615560552615,
                    -0.6466810859160597,
                    -3.3938395016720824
                ],
                [
                    0.5995109324640003,
                    0.24629808592230618,
                    0.7615273433877165,
                    2.0920660543498517
                ],
                [
                    0.0,
                    0.0,
                    0.0,
                    1.0
                ]
            ]
        },
        {
            "file_path": "images\\train_frame_00001.jpg",
            "transform_matrix": [
                [
                    0.430532666297031,
                    -0.9003783684233388,
                    0.06293184350149002,
                    3.613658512957277
                ],
                [
                    0.6566997540427628,
                    0.26465416940679326,
                    -0.7061894955716739,
                    -3.7493416909904393
                ],
                [
                    0.619182571049399,
                    0.34536497258831417,
                    0.7052205182903634,
                    1.582747461879003
                ],
                [
                    0.0,
                    0.0,
                    0.0,
                    1.0
                ]
            ]
        },
        {
            "file_path": "images\\train_frame_00014.jpg",
            "transform_matrix": [
                [
                    0.062237720230763134,
                    -0.9423973438806229,
                    0.3286543966345562,
                    4.286949354843781
                ],
                [
                    0.9929093632763044,
                    0.09187850389540679,
                    0.07542769279373315,
                    0.3259131915135629
                ],
                [
                    -0.10127913160528836,
                    0.32162958005862685,
                    0.941433455286453,
                    2.276869048666603
                ],
                [
                    0.0,
                    0.0,
                    0.0,
                    1.0
                ]
            ]
        },
        {
            "file_path": "images\\eval_frame_00015.jpg",
            "transform_matrix": [
                [
                    0.021813335509569935,
                    -0.9747759877121224,
                    0.222116978580664,
                    3.408688419148126
                ],
                [
                    0.9950928732478724,
                    0.04261575978334152,
                    0.08929765186936565,
                    0.811421317130558
                ],
                [
                    -0.09651089060432937,
                    0.21907914277252585,
                    0.9709222302516378,
                    2.6441729084172287
                ],
                [
                    0.0,
                    0.0,
                    0.0,
                    1.0
                ]
            ]
        },
        {
            "file_path": "images\\train_frame_00016.jpg",
            "transform_matrix": [
                [
                    -0.018369072028806086,
                    -0.9965467410596421,
                    0.08097635504397087,
                    2.2867534368755944
                ],
                [
                    0.9884435747285116,
                    -0.005911397136586528,
                    0.1514739415272959,
                    1.3705325624074256
                ],
                [
                    -0.1504721793911474,
                    0.08282299359054977,
                    0.985138809996834,
                    3.037923168462092
                ],
                [
                    0.0,
                    0.0,
                    0.0,
                    1.0
                ]
            ]
        },
        {
            "file_path": "images\\eval_frame_00025.jpg",
            "transform_matrix": [
                [
                    -0.249094023421517,
                    -0.9371661715595521,
                    0.2442779858687496,
                    3.5838296776127025
                ],
                [
                    0.7263831042318216,
                    -0.01395963748803546,
                    0.6871482477658987,
                    2.340675842654586
                ],
                [
                    -0.6405620605235867,
                    0.3486039233938925,
                    0.6842189351458801,
                    -0.27381322283816245
                ],
                [
                    0.0,
                    0.0,
                    0.0,
                    1.0
                ]
            ]
        },
        {
            "file_path": "images\\train_frame_00061.jpg",
            "transform_matrix": [
                [
                    0.22139112227189336,
                    -0.6491485070088446,
                    -0.7277308477915302,
                    -1.8985114203040483
                ],
                [
                    -0.6019422638612301,
                    0.4961513063009387,
                    -0.6256991227686743,
                    -1.204109692143621
                ],
                [
                    0.7672362621492861,
                    0.5765761849955823,
                    -0.2809064273724106,
                    -2.747847192643053
                ],
                [
                    0.0,
                    0.0,
                    0.0,
                    1.0
                ]
            ]
        },
        {
            "file_path": "images\\eval_frame_00065.jpg",
            "transform_matrix": [
                [
                    0.3157669614326303,
                    -0.6790981449445405,
                    -0.6626589889230263,
                    -0.9407791929418157
                ],
                [
                    -0.5530094081342191,
                    0.43578985252915514,
                    -0.7101181584410139,
                    -1.9420905991458908
                ],
                [
                    0.7710199871486105,
                    0.5906885084081973,
                    -0.23793962564452098,
                    -3.209704800412275
                ],
                [
                    0.0,
                    0.0,
                    0.0,
                    1.0
                ]
            ]
        },
        {
            "file_path": "images\\eval_frame_00075.jpg",
            "transform_matrix": [
                [
                    0.5136215664822913,
                    -0.844170770096549,
                    -0.15352067404384576,
                    1.3443456517740964
                ],
                [
                    0.2304231666414422,
                    0.30806100106231776,
                    -0.9230404020948448,
                    -2.8301738754192733
                ],
                [
                    0.8264974595963422,
                    0.4387187373922866,
                    0.35274327596952204,
                    -1.3812990820631283
                ],
                [
                    0.0,
                    0.0,
                    0.0,
                    1.0
                ]
            ]
        },
        {
            "file_path": "images\\train_frame_00078.jpg",
            "transform_matrix": [
                [
                    0.5195110521507346,
                    -0.6903345270721315,
                    -0.5035340181411115,
                    -1.1003814830126712
                ],
                [
                    0.26694652076003866,
                    0.6909283409143586,
                    -0.6718315136814004,
                    -2.353421960150243
                ],
                [
                    0.8116944140175826,
                    0.21460724231355308,
                    0.5432273095116122,
                    0.21576060932670643
                ],
                [
                    0.0,
                    0.0,
                    0.0,
                    1.0
                ]
            ]
        },
        {
            "file_path": "images\\train_frame_00081.jpg",
            "transform_matrix": [
                [
                    0.4541765621017081,
                    -0.8224350128986019,
                    -0.3425263493454917,
                    -1.4810177635821005
                ],
                [
                    0.5552257140218867,
                    0.5619663885243299,
                    -0.6131216719851028,
                    -1.9433670656877031
                ],
                [
                    0.6967410257235892,
                    0.0882860562455843,
                    0.7118690296299187,
                    1.8562942981155945
                ],
                [
                    0.0,
                    0.0,
                    0.0,
                    1.0
                ]
            ]
        },
        {
            "file_path": "images\\train_frame_00082.jpg",
            "transform_matrix": [
                [
                    0.43009077646607874,
                    -0.8666230093581598,
                    -0.2529554973702138,
                    -0.4929029997136464
                ],
                [
                    0.6630613354713822,
                    0.49338583773300015,
                    -0.5629565529660461,
                    -1.9528230888279292
                ],
                [
                    0.6126757620485018,
                    0.07439741108071247,
                    0.7868249079832024,
                    1.9072402134156947
                ],
                [
                    0.0,
                    0.0,
                    0.0,
                    1.0
                ]
            ]
        },
        {
            "file_path": "images\\eval_frame_00085.jpg",
            "transform_matrix": [
                [
                    0.34218646411728926,
                    -0.9392090291715204,
                    -0.028192610691411414,
                    1.0090312502864847
                ],
                [
                    0.907352025773865,
                    0.33807908613900195,
                    -0.24982960761182954,
                    -0.7186875953748773
                ],
                [
                    0.24417355528183324,
                    0.05990768763779568,
                    0.9678793023217935,
                    2.429055505254438
                ],
                [
                    0.0,
                    0.0,
                    0.0,
                    1.0
                ]
            ]
        },
        {
            "file_path": "images\\train_frame_00086.jpg",
            "transform_matrix": [
                [
                    0.25560222080320244,
                    -0.9665051267970675,
                    0.02313751489368554,
                    1.1877669510904538
                ],
                [
                    0.9630425495035888,
                    0.25243770291600603,
                    -0.0939375004570481,
                    -0.18441606982858622
                ],
                [
                    0.08495029467929202,
                    0.04629304506591553,
                    0.9953091988987276,
                    3.2943128057588202
                ],
                [
                    0.0,
                    0.0,
                    0.0,
                    1.0
                ]
            ]
        },
        {
            "file_path": "images\\train_frame_00091.jpg",
            "transform_matrix": [
                [
                    -0.20211062358069357,
                    -0.9716331845134882,
                    0.12280167176386893,
                    1.291134379218752
                ],
                [
                    0.8546551489196464,
                    -0.11375261710057304,
                    0.506581601055454,
                    1.9716935759172518
                ],
                [
                    -0.47824248270198666,
                    0.20733860435275492,
                    0.8534019163817783,
                    1.5227771949587787
                ],
                [
                    0.0,
                    0.0,
                    0.0,
                    1.0
                ]
            ]
        },
        {
            "file_path": "images\\eval_frame_00095.jpg",
            "transform_matrix": [
                [
                    -0.4636965768785835,
                    -0.8748028400109131,
                    -0.14037619349421238,
                    0.36670540124281714
                ],
                [
                    0.30386785892258533,
                    -0.3058538133946748,
                    0.9022847494808606,
                    3.861433599456017
                ],
                [
                    -0.8322558554344256,
                    0.3757305363432365,
                    0.40764783226988494,
                    -0.19719254796272842
                ],
                [
                    0.0,
                    0.0,
                    0.0,
                    1.0
                ]
            ]
        },
        {
            "file_path": "images\\train_frame_00099.jpg",
            "transform_matrix": [
                [
                    -0.5831655400981741,
                    -0.7360350836845836,
                    -0.3437590848653061,
                    -0.28886257116642794
                ],
                [
                    -0.1929805906875306,
                    -0.28553043832652675,
                    0.9387389735208362,
                    3.432616880211316
                ],
                [
                    -0.7890985011137054,
                    0.6137790517559959,
                    0.02447102706496045,
                    -1.7620775619145062
                ],
                [
                    0.0,
                    0.0,
                    0.0,
                    1.0
                ]
            ]
        },
        {
            "file_path": "images\\train_frame_00101.jpg",
            "transform_matrix": [
                [
                    -0.5556155120464903,
                    -0.6587413751701189,
                    -0.5072979434339323,
                    -0.8478189448648568
                ],
                [
                    -0.5654332866947248,
                    -0.1479571862471899,
                    0.8114147332501517,
                    2.936356487072887
                ],
                [
                    -0.6095708335139708,
                    0.7376777559861725,
                    -0.2902669930465527,
                    -2.2522744880955243
                ],
                [
                    0.0,
                    0.0,
                    0.0,
                    1.0
                ]
            ]
        },
        {
            "file_path": "images\\eval_frame_00105.jpg",
            "transform_matrix": [
                [
                    -0.4980832841666378,
                    -0.4531681226091638,
                    -0.7392913462801131,
                    -2.3723944682472777
                ],
                [
                    -0.805564061505786,
                    -0.07369671502177094,
                    0.5879075922330833,
                    2.793855481045072
                ],
                [
                    -0.3209043235048069,
                    0.8883734838714434,
                    -0.3283488515436532,
                    -3.696542697959572
                ],
                [
                    0.0,
                    0.0,
                    0.0,
                    1.0
                ]
            ]
        },
        {
            "file_path": "images\\eval_frame_00115.jpg",
            "transform_matrix": [
                [
                    0.29835976309398965,
                    -0.58456214141016,
                    -0.7544988764713081,
                    -3.3428510824873117
                ],
                [
                    -0.4800460026116297,
                    0.5913366559057115,
                    -0.6479790079615582,
                    -3.840601905793669
                ],
                [
                    0.8249468389799994,
                    0.5555250329303064,
                    -0.10418565469722127,
                    -3.528748522910776
                ],
                [
                    0.0,
                    0.0,
                    0.0,
                    1.0
                ]
            ]
        },
        {
            "file_path": "images\\train_frame_00119.jpg",
            "transform_matrix": [
                [
                    0.37868750225605013,
                    -0.7032065320652723,
                    -0.6017444215743154,
                    -1.4054940074891746
                ],
                [
                    -0.11598070384709065,
                    0.6089849737380599,
                    -0.7846564713913903,
                    -1.9784654269077762
                ],
                [
                    0.9182288668791716,
                    0.366930340830501,
                    0.14905661007753032,
                    -1.3396050476183161
                ],
                [
                    0.0,
                    0.0,
                    0.0,
                    1.0
                ]
            ]
        },
        {
            "file_path": "images\\eval_frame_00125.jpg",
            "transform_matrix": [
                [
                    0.4260516842731771,
                    -0.8925485443433446,
                    -0.14777367261648963,
                    -0.21744985678340067
                ],
                [
                    0.671728753072638,
                    0.42150492501830494,
                    -0.6091913332285613,
                    -3.6172541903489512
                ],
                [
                    0.6060201684956268,
                    0.160283168723012,
                    0.7791334039820412,
                    2.1066647157109437
                ],
                [
                    0.0,
                    0.0,
                    0.0,
                    1.0
                ]
            ]
        }
    ]
}