{
    "camera_angle_x": 0.6911112070083618,
    "frames": [
        {
            "file_path": "./train/r_5",
            "rotation": 0.012566370614359171,
            "transform_matrix": [
                [
                    -0.12173833698034286,
                    0.6862695217132568,
                    -0.7170870900154114,
                    -2.8906705379486084
                ],
                [
                    -0.9925621747970581,
                    -0.084171362221241,
                    0.08795115351676941,
                    0.35454243421554565
                ],
                [
                    0.0,
                    0.7224606275558472,
                    0.691412091255188,
                    2.7871713638305664
                ],
                [
                    0.0,
                    0.0,
                    0.0,
                    1.0
                ]
            ]
        },
        {
            "file_path": "./train/r_6",
            "rotation": 0.012566370614359171,
            "transform_matrix": [
                [
                    0.6570732593536377,
                    -0.5113321542739868,
                    0.5538899898529053,
                    2.232801914215088
                ],
                [
                    0.7538267374038696,
                    0.44570285081863403,
                    -0.48279836773872375,
                    -1.9462224245071411
                ],
                [
                    -1.4901161193847656e-08,
                    0.7347709536552429,
                    0.6783152222633362,
                    2.7343761920928955
                ],
                [
                    0.0,
                    0.0,
                    0.0,
                    1.0
                ]
            ]
        },
        {
            "file_path": "./train/r_33",
            "rotation": 0.012566370614359171,
            "transform_matrix": [
                [
                    0.7431973218917847,
                    -0.5280798077583313,
                    0.41083991527557373,
                    1.6561487913131714
                ],
                [
                    0.6690723896026611,
                    0.5865845680236816,
                    -0.4563559293746948,
                    -1.8396297693252563
                ],
                [
                    0.0,
                    0.6140441298484802,
                    0.7892715930938721,
                    3.1816558837890625
                ],
                [
                    0.0,
                    0.0,
                    0.0,
                    1.0
                ]
            ]
        },
        {
            "file_path": "./train/r_36",
            "rotation": 0.012566370614359171,
            "transform_matrix": [
                [
                    0.7656702995300293,
                    -0.4731244146823883,
                    0.4357779026031494,
                    1.7566769123077393
                ],
                [
                    0.6432332396507263,
                    0.5631818175315857,
                    -0.5187265872955322,
                    -2.0910537242889404
                ],
                [
                    2.9802320611338473e-08,
                    0.6774803400039673,
                    0.7355409264564514,
                    2.965060234069824
                ],
                [
                    0.0,
                    0.0,
                    0.0,
                    1.0
                ]
            ]
        },
        {
            "file_path": "./train/r_46",
            "rotation": 0.012566370614359171,
            "transform_matrix": [
                [
                    0.9999964833259583,
                    -0.0018918740097433329,
                    0.0018659689230844378,
                    0.007521961349993944
                ],
                [
                    0.0026572593487799168,
                    0.7119618654251099,
                    -0.7022131085395813,
                    -2.830711603164673
                ],
                [
                    0.0,
                    0.7022156119346619,
                    0.7119643688201904,
                    2.8700201511383057
                ],
                [
                    0.0,
                    0.0,
                    0.0,
                    1.0
                ]
            ]
        },
        {
            "file_path": "./train/r_61",
            "rotation": 0.012566370614359171,
            "transform_matrix": [
                [
                    -0.999970555305481,
                    0.0056571876630187035,
                    -0.00517683569341898,
                    -0.020868491381406784
                ],
                [
                    -0.007668337319046259,
                    -0.7377116084098816,
                    0.675072431564331,
                    2.721303939819336
                ],
                [
                    -4.6566125955216364e-10,
                    0.675092339515686,
                    0.7377332448959351,
                    2.973897933959961
                ],
                [
                    0.0,
                    0.0,
                    0.0,
                    1.0
                ]
            ]
        },
        {
            "file_path": "./train/r_71",
            "rotation": 0.012566370614359171,
            "transform_matrix": [
                [
                    0.9513999223709106,
                    0.208729088306427,
                    -0.22642995417118073,
                    -0.9127683639526367
                ],
                [
                    -0.30795836448669434,
                    0.6448431015014648,
                    -0.6995278000831604,
                    -2.8198866844177246
                ],
                [
                    0.0,
                    0.7352616190910339,
                    0.6777834296226501,
                    2.7322323322296143
                ],
                [
                    0.0,
                    0.0,
                    0.0,
                    1.0
                ]
            ]
        },
        {
            "file_path": "./train/r_80",
            "rotation": 0.012566370614359171,
            "transform_matrix": [
                [
                    0.3921033442020416,
                    -0.6728718876838684,
                    0.6272944808006287,
                    2.52870512008667
                ],
                [
                    0.9199212193489075,
                    0.2868020832538605,
                    -0.2673753499984741,
                    -1.077824592590332
                ],
                [
                    0.0,
                    0.6819003224372864,
                    0.7314450144767761,
                    2.948549509048462
                ],
                [
                    0.0,
                    0.0,
                    0.0,
                    1.0
                ]
            ]
        },
        {
            "file_path": "./train/r_84",
            "rotation": 0.012566370614359171,
            "transform_matrix": [
                [
                    0.9660431146621704,
                    -0.19308900833129883,
                    0.17168912291526794,
                    0.692101001739502
                ],
                [
                    0.25838056206703186,
                    0.721928596496582,
                    -0.641917884349823,
                    -2.587653875350952
                ],
                [
                    0.0,
                    0.6644815802574158,
                    0.7473046779632568,
                    3.012481451034546
                ],
                [
                    0.0,
                    0.0,
                    0.0,
                    1.0
                ]
            ]
        },
        {
            "file_path": "./train/r_92",
            "rotation": 0.012566370614359171,
            "transform_matrix": [
                [
                    0.8475823402404785,
                    0.40216803550720215,
                    -0.3462150990962982,
                    -1.3956377506256104
                ],
                [
                    -0.5306636691093445,
                    0.6423475742340088,
                    -0.5529788732528687,
                    -2.2291290760040283
                ],
                [
                    0.0,
                    0.6524189114570618,
                    0.7578585147857666,
                    3.055025339126587
                ],
                [
                    0.0,
                    0.0,
                    0.0,
                    1.0
                ]
            ]
        }
    ]
}