{
    "camera_angle_x": 0.6911112070083618,
    "frames": [
        {
            "file_path": "./train/r_13",
            "rotation": 0.012566370614359171,
            "transform_matrix": [
                [
                    0.842908501625061,
                    -0.09502744674682617,
                    0.5295989513397217,
                    2.1348819732666016
                ],
                [
                    0.5380570292472839,
                    0.14886793494224548,
                    -0.8296582698822021,
                    -3.3444597721099854
                ],
                [
                    7.450582373280668e-09,
                    0.9842804074287415,
                    0.17661221325397491,
                    0.7119466662406921
                ],
                [
                    0.0,
                    0.0,
                    0.0,
                    1.0
                ]
            ]
        },
        {
            "file_path": "./train/r_26",
            "rotation": 0.012566370614359171,
            "transform_matrix": [
                [
                    -0.9752575159072876,
                    -0.03920060396194458,
                    0.21756872534751892,
                    0.8770476579666138
                ],
                [
                    0.22107206284999847,
                    -0.17293314635753632,
                    0.9598026275634766,
                    3.8690884113311768
                ],
                [
                    3.725290742551124e-09,
                    0.9841530919075012,
                    0.1773204803466797,
                    0.7148017883300781
                ],
                [
                    0.0,
                    0.0,
                    0.0,
                    1.0
                ]
            ]
        },
        {
            "file_path": "./train/r_42",
            "rotation": 0.012566370614359171,
            "transform_matrix": [
                [
                    -0.9928660988807678,
                    -0.019224023446440697,
                    0.11767476797103882,
                    0.47436219453811646
                ],
                [
                    0.11923471093177795,
                    -0.160078227519989,
                    0.9798764586448669,
                    3.9500086307525635
                ],
                [
                    0.0,
                    0.9869171380996704,
                    0.16122838854789734,
                    0.6499325037002563
                ],
                [
                    0.0,
                    0.0,
                    0.0,
                    1.0
                ]
            ]
        },
        {
            "file_path": "./train/r_53",
            "rotation": 0.012566370614359171,
            "transform_matrix": [
                [
                    0.2079109102487564,
                    0.16523794829845428,
                    -0.9640898704528809,
                    -3.886370897293091
                ],
                [
                    -0.9781477451324463,
                    0.03512227535247803,
                    -0.2049228399991989,
                    -0.8260704278945923
                ],
                [
                    0.0,
                    0.9856281876564026,
                    0.16892939805984497,
                    0.6809762716293335
                ],
                [
                    0.0,
                    0.0,
                    0.0,
                    1.0
                ]
            ]
        },
        {
            "file_path": "./train/r_64",
            "rotation": 0.012566370614359171,
            "transform_matrix": [
                [
                    -0.9780508875846863,
                    0.035429153591394424,
                    -0.2053319364786148,
                    -0.8277195692062378
                ],
                [
                    -0.20836611092090607,
                    -0.16630110144615173,
                    0.9638087749481201,
                    3.885237693786621
                ],
                [
                    0.0,
                    0.9854384064674377,
                    0.17003315687179565,
                    0.6854256391525269
                ],
                [
                    0.0,
                    0.0,
                    0.0,
                    1.0
                ]
            ]
        },
        {
            "file_path": "./train/r_65",
            "rotation": 0.012566370614359171,
            "transform_matrix": [
                [
                    0.9800372123718262,
                    -0.039007220417261124,
                    0.1949501782655716,
                    0.7858693599700928
                ],
                [
                    0.19881436228752136,
                    0.1922825276851654,
                    -0.9609891176223755,
                    -3.873871326446533
                ],
                [
                    0.0,
                    0.9805640578269958,
                    0.1961991935968399,
                    0.7909042835235596
                ],
                [
                    0.0,
                    0.0,
                    0.0,
                    1.0
                ]
            ]
        },
        {
            "file_path": "./train/r_69",
            "rotation": 0.012566370614359171,
            "transform_matrix": [
                [
                    0.23253430426120758,
                    0.1524328589439392,
                    -0.9605684876441956,
                    -3.872175693511963
                ],
                [
                    -0.9725881814956665,
                    0.03644489124417305,
                    -0.2296605408191681,
                    -0.925791323184967
                ],
                [
                    0.0,
                    0.9876416325569153,
                    0.1567290723323822,
                    0.6317951679229736
                ],
                [
                    0.0,
                    0.0,
                    0.0,
                    1.0
                ]
            ]
        },
        {
            "file_path": "./train/r_75",
            "rotation": 0.012566370614359171,
            "transform_matrix": [
                [
                    -0.9798775315284729,
                    0.03400515764951706,
                    -0.19668211042881012,
                    -0.7928509712219238
                ],
                [
                    -0.19960013031959534,
                    -0.16693821549415588,
                    0.9655523896217346,
                    3.892266273498535
                ],
                [
                    3.725290742551124e-09,
                    0.9853807687759399,
                    0.17036642134189606,
                    0.6867690086364746
                ],
                [
                    0.0,
                    0.0,
                    0.0,
                    1.0
                ]
            ]
        },
        {
            "file_path": "./train/r_85",
            "rotation": 0.012566370614359171,
            "transform_matrix": [
                [
                    -0.14186327159404755,
                    0.16584104299545288,
                    -0.9758952260017395,
                    -3.933959484100342
                ],
                [
                    -0.9898862242698669,
                    -0.023767130449414253,
                    0.1398581862449646,
                    0.5637863874435425
                ],
                [
                    -1.8626450382086546e-09,
                    0.9858660101890564,
                    0.1675354689359665,
                    0.6753571033477783
                ],
                [
                    0.0,
                    0.0,
                    0.0,
                    1.0
                ]
            ]
        },
        {
            "file_path": "./train/r_95",
            "rotation": 0.012566370614359171,
            "transform_matrix": [
                [
                    0.4534713923931122,
                    -0.11268524080514908,
                    0.8841186165809631,
                    3.5639960765838623
                ],
                [
                    0.8912708163261414,
                    0.057333339005708694,
                    -0.44983240962028503,
                    -1.813332438468933
                ],
                [
                    0.0,
                    0.9919751882553101,
                    0.12643210589885712,
                    0.5096641182899475
                ],
                [
                    0.0,
                    0.0,
                    0.0,
                    1.0
                ]
            ]
        }
    ]
}