{
    "camera_angle_x": 0.6911112070083618,
    "frames": [
        {
            "file_path": "./train/r_7",
            "rotation": 0.012566370614359171,
            "transform_matrix": [
                [
                    0.9045065641403198,
                    0.42524266242980957,
                    -0.03219788148999214,
                    -0.12979382276535034
                ],
                [
                    -0.426459938287735,
                    0.9019248485565186,
                    -0.0682905837893486,
                    -0.2752881646156311
                ],
                [
                    0.0,
                    0.07550014555454254,
                    0.9971457123756409,
                    4.019623279571533
                ],
                [
                    0.0,
                    0.0,
                    0.0,
                    1.0
                ]
            ]
        },
        {
            "file_path": "./train/r_15",
            "rotation": 0.012566370614359171,
            "transform_matrix": [
                [
                    -0.6865485906600952,
                    -0.3086281418800354,
                    0.6583309769630432,
                    2.6538169384002686
                ],
                [
                    0.7270838618278503,
                    -0.2914219796657562,
                    0.6216287612915039,
                    2.5058655738830566
                ],
                [
                    0.0,
                    0.9054401516914368,
                    0.42447394132614136,
                    1.7111091613769531
                ],
                [
                    0.0,
                    0.0,
                    0.0,
                    1.0
                ]
            ]
        },
        {
            "file_path": "./train/r_23",
            "rotation": 0.012566370614359171,
            "transform_matrix": [
                [
                    -0.4675160050392151,
                    0.5285975337028503,
                    -0.7085289359092712,
                    -2.8561718463897705
                ],
                [
                    -0.8839846849441528,
                    -0.27956119179725647,
                    0.37472212314605713,
                    1.5105533599853516
                ],
                [
                    0.0,
                    0.8015173077583313,
                    0.5979713797569275,
                    2.4105000495910645
                ],
                [
                    0.0,
                    0.0,
                    0.0,
                    1.0
                ]
            ]
        },
        {
            "file_path": "./train/r_31",
            "rotation": 0.012566370614359171,
            "transform_matrix": [
                [
                    -0.15501070022583008,
                    0.9340341687202454,
                    -0.32179465889930725,
                    -1.2971957921981812
                ],
                [
                    -0.9879127740859985,
                    -0.1465567648410797,
                    0.050491925328969955,
                    0.20353946089744568
                ],
                [
                    0.0,
                    0.3257317543029785,
                    0.945462167263031,
                    3.8112800121307373
                ],
                [
                    0.0,
                    0.0,
                    0.0,
                    1.0
                ]
            ]
        },
        {
            "file_path": "./train/r_39",
            "rotation": 0.012566370614359171,
            "transform_matrix": [
                [
                    -0.9966232776641846,
                    0.07444921880960464,
                    -0.034631188958883286,
                    -0.13960279524326324
                ],
                [
                    -0.0821097195148468,
                    -0.9036424160003662,
                    0.4203430414199829,
                    1.6944570541381836
                ],
                [
                    0.0,
                    0.4217672646045685,
                    0.9067041277885437,
                    3.655041217803955
                ],
                [
                    0.0,
                    0.0,
                    0.0,
                    1.0
                ]
            ]
        },
        {
            "file_path": "./train/r_47",
            "rotation": 0.012566370614359171,
            "transform_matrix": [
                [
                    -0.9168165326118469,
                    -0.3853738605976105,
                    0.1045677587389946,
                    0.42152610421180725
                ],
                [
                    0.3993086814880371,
                    -0.8848220705986023,
                    0.2400885820388794,
                    0.9678280353546143
                ],
                [
                    -7.450580596923828e-09,
                    0.26187196373939514,
                    0.9651026129722595,
                    3.8904531002044678
                ],
                [
                    0.0,
                    0.0,
                    0.0,
                    1.0
                ]
            ]
        },
        {
            "file_path": "./train/r_55",
            "rotation": 0.012566370614359171,
            "transform_matrix": [
                [
                    0.933196485042572,
                    -0.07844070345163345,
                    0.3507015109062195,
                    1.413723111152649
                ],
                [
                    0.35936683416366577,
                    0.2036931961774826,
                    -0.9106944799423218,
                    -3.6711270809173584
                ],
                [
                    0.0,
                    0.9758873581886292,
                    0.21827472746372223,
                    0.8798936009407043
                ],
                [
                    0.0,
                    0.0,
                    0.0,
                    1.0
                ]
            ]
        },
        {
            "file_path": "./train/r_63",
            "rotation": 0.012566370614359171,
            "transform_matrix": [
                [
                    0.7933609485626221,
                    -0.19958899915218353,
                    0.5751022100448608,
                    2.3183114528656006
                ],
                [
                    0.6087514758110046,
                    0.2601161599159241,
                    -0.7495071887969971,
                    -3.021360397338867
                ],
                [
                    0.0,
                    0.9447241425514221,
                    0.3278660774230957,
                    1.3216705322265625
                ],
                [
                    0.0,
                    0.0,
                    0.0,
                    1.0
                ]
            ]
        },
        {
            "file_path": "./train/r_71",
            "rotation": 0.012566370614359171,
            "transform_matrix": [
                [
                    0.9513999223709106,
                    0.208729088306427,
                    -0.22642995417118073,
                    -0.9127683639526367
                ],
                [
                    -0.30795836448669434,
                    0.6448431015014648,
                    -0.6995278000831604,
                    -2.8198866844177246
                ],
                [
                    0.0,
                    0.7352616190910339,
                    0.6777834296226501,
                    2.7322323322296143
                ],
                [
                    0.0,
                    0.0,
                    0.0,
                    1.0
                ]
            ]
        },
        {
            "file_path": "./train/r_79",
            "rotation": 0.012566370614359171,
            "transform_matrix": [
                [
                    -0.9993038773536682,
                    -0.0326223149895668,
                    0.018094748258590698,
                    0.07294226437807083
                ],
                [
                    0.037304628640413284,
                    -0.8738756775856018,
                    0.4847160875797272,
                    1.9539530277252197
                ],
                [
                    0.0,
                    0.48505374789237976,
                    0.8744843602180481,
                    3.5251591205596924
                ],
                [
                    0.0,
                    0.0,
                    0.0,
                    1.0
                ]
            ]
        },
        {
            "file_path": "./train/r_87",
            "rotation": 0.012566370614359171,
            "transform_matrix": [
                [
                    0.44463157653808594,
                    0.7389402389526367,
                    -0.5062312483787537,
                    -2.0406837463378906
                ],
                [
                    -0.8957135677337646,
                    0.3668093979358673,
                    -0.2512928247451782,
                    -1.0129939317703247
                ],
                [
                    0.0,
                    0.5651710033416748,
                    0.8249737024307251,
                    3.325575590133667
                ],
                [
                    0.0,
                    0.0,
                    0.0,
                    1.0
                ]
            ]
        },
        {
            "file_path": "./train/r_95",
            "rotation": 0.012566370614359171,
            "transform_matrix": [
                [
                    0.4534713923931122,
                    -0.11268524080514908,
                    0.8841186165809631,
                    3.5639960765838623
                ],
                [
                    0.8912708163261414,
                    0.057333339005708694,
                    -0.44983240962028503,
                    -1.813332438468933
                ],
                [
                    0.0,
                    0.9919751882553101,
                    0.12643210589885712,
                    0.5096641182899475
                ],
                [
                    0.0,
                    0.0,
                    0.0,
                    1.0
                ]
            ]
        }
    ]
}