{
    "camera_angle_x": 0.6911112070083618,
    "frames": [
        {
            "file_path": "./train/r_1",
            "rotation": 0.012566370614359171,
            "transform_matrix": [
                [
                    -0.9305422306060791,
                    0.11707554012537003,
                    -0.34696459770202637,
                    -1.398659110069275
                ],
                [
                    -0.3661845624446869,
                    -0.29751041531562805,
                    0.8817007541656494,
                    3.5542497634887695
                ],
                [
                    7.450580596923828e-09,
                    0.9475130438804626,
                    0.3197172284126282,
                    1.2888214588165283
                ],
                [
                    0.0,
                    0.0,
                    0.0,
                    1.0
                ]
            ]
        },
        {
            "file_path": "./train/r_2",
            "rotation": 0.012566370614359171,
            "transform_matrix": [
                [
                    0.4429636299610138,
                    0.31377720832824707,
                    -0.8398374915122986,
                    -3.385493516921997
                ],
                [
                    -0.8965396881103516,
                    0.1550314873456955,
                    -0.41494810581207275,
                    -1.6727094650268555
                ],
                [
                    0.0,
                    0.936754584312439,
                    0.3499869406223297,
                    1.4108426570892334
                ],
                [
                    0.0,
                    0.0,
                    0.0,
                    1.0
                ]
            ]
        },
        {
            "file_path": "./train/r_4",
            "rotation": 0.012566370614359171,
            "transform_matrix": [
                [
                    -0.6566542387008667,
                    -0.2367822825908661,
                    0.7160581946372986,
                    2.8865230083465576
                ],
                [
                    0.7541918158531189,
                    -0.20615987479686737,
                    0.623452365398407,
                    2.513216972351074
                ],
                [
                    -1.4901162970204496e-08,
                    0.9494377970695496,
                    0.31395500898361206,
                    1.26559317111969
                ],
                [
                    0.0,
                    0.0,
                    0.0,
                    1.0
                ]
            ]
        },
        {
            "file_path": "./train/r_8",
            "rotation": 0.012566370614359171,
            "transform_matrix": [
                [
                    0.159989595413208,
                    0.33046624064445496,
                    -0.930158793926239,
                    -3.7495899200439453
                ],
                [
                    -0.9871187806129456,
                    0.053561095148324966,
                    -0.15075767040252686,
                    -0.607723593711853
                ],
                [
                    0.0,
                    0.9422966837882996,
                    0.33477866649627686,
                    1.3495359420776367
                ],
                [
                    0.0,
                    0.0,
                    0.0,
                    1.0
                ]
            ]
        },
        {
            "file_path": "./train/r_19",
            "rotation": 0.012566370614359171,
            "transform_matrix": [
                [
                    0.5655173063278198,
                    -0.2501452565193176,
                    0.7858863472938538,
                    3.1680095195770264
                ],
                [
                    0.8247364163398743,
                    0.17152325809001923,
                    -0.5388780236244202,
                    -2.1722869873046875
                ],
                [
                    0.0,
                    0.9528940916061401,
                    0.30330324172973633,
                    1.2226545810699463
                ],
                [
                    0.0,
                    0.0,
                    0.0,
                    1.0
                ]
            ]
        },
        {
            "file_path": "./train/r_63",
            "rotation": 0.012566370614359171,
            "transform_matrix": [
                [
                    0.7933609485626221,
                    -0.19958899915218353,
                    0.5751022100448608,
                    2.3183114528656006
                ],
                [
                    0.6087514758110046,
                    0.2601161599159241,
                    -0.7495071887969971,
                    -3.021360397338867
                ],
                [
                    0.0,
                    0.9447241425514221,
                    0.3278660774230957,
                    1.3216705322265625
                ],
                [
                    0.0,
                    0.0,
                    0.0,
                    1.0
                ]
            ]
        },
        {
            "file_path": "./train/r_70",
            "rotation": 0.012566370614359171,
            "transform_matrix": [
                [
                    0.9624335765838623,
                    -0.0828590914607048,
                    0.2585652470588684,
                    1.0423099994659424
                ],
                [
                    0.271517276763916,
                    0.29370641708374023,
                    -0.9165232181549072,
                    -3.6946234703063965
                ],
                [
                    7.450580596923828e-09,
                    0.9522977471351624,
                    0.30517053604125977,
                    1.2301819324493408
                ],
                [
                    0.0,
                    0.0,
                    0.0,
                    1.0
                ]
            ]
        },
        {
            "file_path": "./train/r_72",
            "rotation": 0.012566370614359171,
            "transform_matrix": [
                [
                    0.327425479888916,
                    -0.32604190707206726,
                    0.8868421912193298,
                    3.5749754905700684
                ],
                [
                    0.9448769688606262,
                    0.1129823625087738,
                    -0.3073148727416992,
                    -1.238826036453247
                ],
                [
                    7.450580596923828e-09,
                    0.9385795593261719,
                    0.3450627624988556,
                    1.3909926414489746
                ],
                [
                    0.0,
                    0.0,
                    0.0,
                    1.0
                ]
            ]
        },
        {
            "file_path": "./train/r_81",
            "rotation": 0.012566370614359171,
            "transform_matrix": [
                [
                    -0.8941853642463684,
                    0.14062994718551636,
                    -0.4250360429286957,
                    -1.7133750915527344
                ],
                [
                    -0.4476967751979828,
                    -0.2808804214000702,
                    0.8489250540733337,
                    3.422126293182373
                ],
                [
                    -1.4901160305669237e-08,
                    0.9493837356567383,
                    0.31411871314048767,
                    1.2662529945373535
                ],
                [
                    0.0,
                    0.0,
                    0.0,
                    1.0
                ]
            ]
        },
        {
            "file_path": "./train/r_98",
            "rotation": 0.012566370614359171,
            "transform_matrix": [
                [
                    0.9965562224388123,
                    0.03072895109653473,
                    -0.07701651006937027,
                    -0.31046348810195923
                ],
                [
                    -0.08292051404714584,
                    0.3693070113658905,
                    -0.9256006479263306,
                    -3.731215476989746
                ],
                [
                    0.0,
                    0.9287990927696228,
                    0.37058329582214355,
                    1.4938690662384033
                ],
                [
                    0.0,
                    0.0,
                    0.0,
                    1.0
                ]
            ]
        }
    ]
}