{
    "fl_x": 1074.452670937213,
    "fl_y": 1072.2149734095053,
    "cx": 1487.9938481094716,
    "cy": 998.8971959995184,
    "w": 3008,
    "h": 2000,
    "camera_model": "OPENCV_FISHEYE",
    "k1": 0.03060524881256097,
    "k2": 0.006503338324805288,
    "k3": 0.0001980286672716662,
    "k4": 0.0001619462046311063,
    "frames": [
        {
            "file_path": "images\\eval_frame_00168.jpg",
            "transform_matrix": [
                [
                    0.28049074100259197,
                    -0.4787078733098414,
                    -0.8319637709918537,
                    -0.8752680149991012
                ],
                [
                    -0.6986386390486498,
                    0.49254204260263384,
                    -0.5189473849024343,
                    -2.108662861250041
                ],
                [
                    0.6582013341220656,
                    0.7268019732361726,
                    -0.19629033460651804,
                    -4.434933014911396
                ],
                [
                    0.0,
                    0.0,
                    0.0,
                    1.0
                ]
            ]
        },
        {
            "file_path": "images\\train_frame_00164.jpg",
            "transform_matrix": [
                [
                    0.15423387971638597,
                    -0.985024386310761,
                    0.0770640559582753,
                    -2.316787085187998
                ],
                [
                    -0.7531725078211944,
                    -0.16769566910084552,
                    -0.6360890944098577,
                    -2.1654153699256846
                ],
                [
                    0.6394865782875857,
                    0.04006396058714782,
                    -0.7677576409597676,
                    -4.178866645812841
                ],
                [
                    0.0,
                    0.0,
                    0.0,
                    1.0
                ]
            ]
        },
        {
            "file_path": "images\\train_frame_00160.jpg",
            "transform_matrix": [
                [
                    0.142541399212897,
                    -0.2948887957726196,
                    -0.9448399587433858,
                    -1.6271858199312605
                ],
                [
                    -0.7754809885472385,
                    0.559922855989758,
                    -0.2917458341468976,
                    -1.1305980336986647
                ],
                [
                    0.6150700658560989,
                    0.774291284639086,
                    -0.14886846751319383,
                    -3.0729078099746374
                ],
                [
                    0.0,
                    0.0,
                    0.0,
                    1.0
                ]
            ]
        },
        {
            "file_path": "images\\eval_frame_00158.jpg",
            "transform_matrix": [
                [
                    -0.5211515482158536,
                    -0.8459154155324237,
                    -0.11326152725804857,
                    0.9959581010557701
                ],
                [
                    0.37827789503729087,
                    -0.34790584751790227,
                    0.8578271127616603,
                    3.7899660485186755
                ],
                [
                    -0.7650535261786428,
                    0.4042135957973916,
                    0.5013027738345041,
                    -0.13253627359338313
                ],
                [
                    0.0,
                    0.0,
                    0.0,
                    1.0
                ]
            ]
        },
        {
            "file_path": "images\\train_frame_00155.jpg",
            "transform_matrix": [
                [
                    -0.41157693029913195,
                    -0.40094450880806365,
                    0.8184423811742668,
                    1.3521305070269036
                ],
                [
                    0.4373967253607675,
                    0.7009484369329,
                    0.5633430512618414,
                    4.309887131033492
                ],
                [
                    -0.7995552107823576,
                    0.5898430211657886,
                    -0.11312239076678919,
                    0.5090613347327295
                ],
                [
                    0.0,
                    0.0,
                    0.0,
                    1.0
                ]
            ]
        },
        {
            "file_path": "images\\train_frame_00151.jpg",
            "transform_matrix": [
                [
                    -0.3850209478224319,
                    -0.8922380658069656,
                    0.2359451285001684,
                    0.17446642702820656
                ],
                [
                    0.6653360007587802,
                    -0.09116763186452766,
                    0.7409564555319875,
                    2.6582314987297124
                ],
                [
                    -0.6395989961157134,
                    0.4422665449988941,
                    0.6287395544599629,
                    0.8875603821023479
                ],
                [
                    0.0,
                    0.0,
                    0.0,
                    1.0
                ]
            ]
        },
        {
            "file_path": "images\\eval_frame_00148.jpg",
            "transform_matrix": [
                [
                    -0.011752882349240651,
                    -0.992610497768983,
                    0.12077362905575363,
                    1.1296050642467774
                ],
                [
                    0.9664269809959773,
                    0.019727621034605083,
                    0.2561829646391733,
                    0.4580266594045301
                ],
                [
                    -0.2566724764354094,
                    0.11972978195556391,
                    0.9590537102547422,
                    2.2946000589417452
                ],
                [
                    0.0,
                    0.0,
                    0.0,
                    1.0
                ]
            ]
        },
        {
            "file_path": "images\\train_frame_00146.jpg",
            "transform_matrix": [
                [
                    0.1325108556335339,
                    -0.4467684120537691,
                    0.8847818144210596,
                    1.7430126980856095
                ],
                [
                    0.9779590551444763,
                    0.20425142748195538,
                    -0.043329445328861446,
                    -1.0137107991375227
                ],
                [
                    -0.16135972112082989,
                    0.8710220091148886,
                    0.46398674554050673,
                    2.5683884653761293
                ],
                [
                    0.0,
                    0.0,
                    0.0,
                    1.0
                ]
            ]
        },
        {
            "file_path": "images\\train_frame_00142.jpg",
            "transform_matrix": [
                [
                    0.21939511614899965,
                    -0.7148407004905155,
                    0.6639793339646921,
                    2.7270303117980053
                ],
                [
                    0.961388995102505,
                    0.04252132380846792,
                    -0.27188809668201913,
                    -0.7756652625056115
                ],
                [
                    0.16612339722556402,
                    0.6979933452002279,
                    0.6965689534787156,
                    1.804803785407905
                ],
                [
                    0.0,
                    0.0,
                    0.0,
                    1.0
                ]
            ]
        },
        {
            "file_path": "images\\eval_frame_00138.jpg",
            "transform_matrix": [
                [
                    0.050155717064777096,
                    -0.7655390963661837,
                    0.6414314429310155,
                    0.3741919845957994
                ],
                [
                    0.9986809360170855,
                    0.04550968049950269,
                    -0.023775134423830828,
                    1.0123896597928592
                ],
                [
                    -0.010990545107321519,
                    0.6417778127324751,
                    0.7668118719754955,
                    3.7057405042454956
                ],
                [
                    0.0,
                    0.0,
                    0.0,
                    1.0
                ]
            ]
        },
        {
            "file_path": "images\\train_frame_00137.jpg",
            "transform_matrix": [
                [
                    -0.02384388623754701,
                    -0.8038862050460709,
                    0.5943050045437253,
                    0.3346947436125452
                ],
                [
                    0.9832517988267288,
                    0.08858611147902883,
                    0.15927460863875045,
                    1.928629902118275
                ],
                [
                    -0.1806858300838584,
                    0.5881491904182573,
                    0.7883103199992092,
                    3.9403223381962005
                ],
                [
                    0.0,
                    0.0,
                    0.0,
                    1.0
                ]
            ]
        },
        {
            "file_path": "images\\train_frame_00133.jpg",
            "transform_matrix": [
                [
                    0.06555661261404072,
                    -0.9905144764106215,
                    0.12076175952496208,
                    1.5099798741704742
                ],
                [
                    0.9960264096634762,
                    0.07226689117198906,
                    0.05204697583165458,
                    0.5635278801268423
                ],
                [
                    -0.060280359947975974,
                    0.11686987833196395,
                    0.9913161502483526,
                    2.717833325275836
                ],
                [
                    0.0,
                    0.0,
                    0.0,
                    1.0
                ]
            ]
        },
        {
            "file_path": "images\\train_frame_00129.jpg",
            "transform_matrix": [
                [
                    0.2711849032726668,
                    -0.9621349961284289,
                    0.027477217143338485,
                    1.220972600753283
                ],
                [
                    0.8936755720343856,
                    0.24108112822212519,
                    -0.3784492853265294,
                    -1.9804251312639007
                ],
                [
                    0.3574950631631268,
                    0.12718545058337088,
                    0.9252141054771577,
                    3.3221577336810997
                ],
                [
                    0.0,
                    0.0,
                    0.0,
                    1.0
                ]
            ]
        },
        {
            "file_path": "images\\eval_frame_00128.jpg",
            "transform_matrix": [
                [
                    0.3230041887297074,
                    -0.9452915176669495,
                    -0.0457410175879261,
                    1.1962161293449318
                ],
                [
                    0.8492064718544959,
                    0.31082852983478376,
                    -0.4268887363250362,
                    -2.7577973838929153
                ],
                [
                    0.4177519146856217,
                    0.09904328178964111,
                    0.903146591705264,
                    3.578781282078476
                ],
                [
                    0.0,
                    0.0,
                    0.0,
                    1.0
                ]
            ]
        },
        {
            "file_path": "images\\train_frame_00056.jpg",
            "transform_matrix": [
                [
                    -0.04175851287439384,
                    -0.031278764389424674,
                    -0.9986380052355257,
                    -3.712271104165201
                ],
                [
                    -0.9409118263112216,
                    0.3374268487948404,
                    0.028775976439820466,
                    0.8568993365320507
                ],
                [
                    0.3360671982062521,
                    0.9408319513125895,
                    -0.04352100273597725,
                    -2.411730119382905
                ],
                [
                    0.0,
                    0.0,
                    0.0,
                    1.0
                ]
            ]
        },
        {
            "file_path": "images\\train_frame_00052.jpg",
            "transform_matrix": [
                [
                    -0.20786861155833836,
                    -0.7194108783373729,
                    -0.6627508041931434,
                    0.10871625773286583
                ],
                [
                    -0.9731267981869552,
                    0.22072017616595188,
                    0.06562650747735842,
                    0.7834616555705469
                ],
                [
                    0.09907005086913634,
                    0.6585822590710448,
                    -0.7459588011798408,
                    -4.3111236331324525
                ],
                [
                    0.0,
                    0.0,
                    0.0,
                    1.0
                ]
            ]
        },
        {
            "file_path": "images\\eval_frame_00050.jpg",
            "transform_matrix": [
                [
                    -0.19881306231890167,
                    -0.7110372207438997,
                    -0.6744623317637325,
                    -0.35549466433823307
                ],
                [
                    -0.976236118717673,
                    0.20423901431430935,
                    0.07245319553320537,
                    0.8498590141302353
                ],
                [
                    0.08623460304561074,
                    0.6728391306610444,
                    -0.7347456005236479,
                    -3.9010215206703323
                ],
                [
                    0.0,
                    0.0,
                    0.0,
                    1.0
                ]
            ]
        },
        {
            "file_path": "images\\train_frame_00047.jpg",
            "transform_matrix": [
                [
                    -0.25838393217417566,
                    -0.46256048897380114,
                    -0.8481011364421868,
                    -3.0086536141868327
                ],
                [
                    -0.9659517766913966,
                    0.11168903096081408,
                    0.23337250367120824,
                    1.9279669266297292
                ],
                [
                    -0.013225305325201296,
                    0.8795245047202221,
                    -0.47566977715186287,
                    -2.064523389959182
                ],
                [
                    0.0,
                    0.0,
                    0.0,
                    1.0
                ]
            ]
        },
        {
            "file_path": "images\\train_frame_00043.jpg",
            "transform_matrix": [
                [
                    -0.537955652166102,
                    -0.4317051704908792,
                    -0.7240403041778717,
                    -2.7033106909423297
                ],
                [
                    -0.5643754633176451,
                    -0.4535579578863531,
                    0.6897575771551586,
                    3.827985406593738
                ],
                [
                    -0.6261661542334729,
                    0.7796895693860487,
                    0.0003502614174654194,
                    -1.3133159435271349
                ],
                [
                    0.0,
                    0.0,
                    0.0,
                    1.0
                ]
            ]
        },
        {
            "file_path": "images\\eval_frame_00040.jpg",
            "transform_matrix": [
                [
                    -0.5645714291564157,
                    -0.7694487653116248,
                    -0.2986765791633122,
                    0.946836799766623
                ],
                [
                    -0.30074311160995526,
                    -0.14521689515608713,
                    0.9425845501494218,
                    3.5029576239433906
                ],
                [
                    -0.7686434037962234,
                    0.621981230361208,
                    -0.14942110586832677,
                    -2.604045203993824
                ],
                [
                    0.0,
                    0.0,
                    0.0,
                    1.0
                ]
            ]
        },
        {
            "file_path": "images\\train_frame_00038.jpg",
            "transform_matrix": [
                [
                    -0.5405933808494445,
                    -0.8094204412702242,
                    -0.22934111239741256,
                    1.5743340671785344
                ],
                [
                    -0.2591291311763122,
                    -0.09914958377987736,
                    0.9607400550680116,
                    3.3747102772794038
                ],
                [
                    -0.8003817151569472,
                    0.5787986776852487,
                    -0.1561448069973212,
                    -2.794786222240357
                ],
                [
                    0.0,
                    0.0,
                    0.0,
                    1.0
                ]
            ]
        },
        {
            "file_path": "images\\train_frame_00034.jpg",
            "transform_matrix": [
                [
                    -0.5768214728578654,
                    -0.7311477654073133,
                    -0.3642800208493115,
                    -1.2166627404513113
                ],
                [
                    -0.1379009664728153,
                    -0.3523874876593937,
                    0.9256383645824994,
                    3.646679889756897
                ],
                [
                    -0.805146143191375,
                    0.5841626517340804,
                    0.10243868616426659,
                    -0.5889518204832472
                ],
                [
                    0.0,
                    0.0,
                    0.0,
                    1.0
                ]
            ]
        },
        {
            "file_path": "images\\eval_frame_00030.jpg",
            "transform_matrix": [
                [
                    -0.4151260996535848,
                    -0.8399786620915933,
                    -0.34943693081473054,
                    -0.9340689524105696
                ],
                [
                    0.5274231255671059,
                    -0.5351663431574767,
                    0.6598650102623099,
                    3.7722133760357255
                ],
                [
                    -0.7412794129094821,
                    0.08962606976918386,
                    0.6651856880708594,
                    1.1576917734431664
                ],
                [
                    0.0,
                    0.0,
                    0.0,
                    1.0
                ]
            ]
        },
        {
            "file_path": "images\\train_frame_00013.jpg",
            "transform_matrix": [
                [
                    0.08024134306007152,
                    -0.9220224707789396,
                    0.3787293099861896,
                    4.541584997672922
                ],
                [
                    0.9923472554606965,
                    0.10966887151938508,
                    0.0567420760925077,
                    0.0702313578708479
                ],
                [
                    -0.09385228523344134,
                    0.371277930933639,
                    0.9237664458931688,
                    2.264973152513106
                ],
                [
                    0.0,
                    0.0,
                    0.0,
                    1.0
                ]
            ]
        },
        {
            "file_path": "images\\train_frame_00009.jpg",
            "transform_matrix": [
                [
                    0.17333800932842927,
                    -0.9751084802921,
                    0.13826563631101088,
                    0.7761745779740049
                ],
                [
                    0.9835338933988682,
                    0.16410025311594764,
                    -0.07571121094623745,
                    -0.5393646454225023
                ],
                [
                    0.05113721793098575,
                    0.1491125701935061,
                    0.9874970513133523,
                    4.174574901792812
                ],
                [
                    0.0,
                    0.0,
                    0.0,
                    1.0
                ]
            ]
        },
        {
            "file_path": "images\\train_frame_00005.jpg",
            "transform_matrix": [
                [
                    0.39939362837405795,
                    -0.8876960614327583,
                    -0.22908608017724172,
                    -0.4228082937861213
                ],
                [
                    0.7750463676459565,
                    0.46040603859324536,
                    -0.4328156739602714,
                    -2.447115147487925
                ],
                [
                    0.48968138377215614,
                    -0.004688511879465466,
                    0.871888846266164,
                    3.851031419413009
                ],
                [
                    0.0,
                    0.0,
                    0.0,
                    1.0
                ]
            ]
        },
        {
            "file_path": "images\\eval_frame_00004.jpg",
            "transform_matrix": [
                [
                    0.4141326787281254,
                    -0.8998356305998058,
                    -0.13707648344087672,
                    1.039748417703085
                ],
                [
                    0.7057027883036064,
                    0.41253461902408006,
                    -0.5760197589381568,
                    -2.948390826160483
                ],
                [
                    0.5748718978955072,
                    0.14181334919430807,
                    0.8058605803737461,
                    2.9475688362364028
                ],
                [
                    0.0,
                    0.0,
                    0.0,
                    1.0
                ]
            ]
        },
        {
            "file_path": "images\\train_frame_00014.jpg",
            "transform_matrix": [
                [
                    0.062237720230763134,
                    -0.9423973438806229,
                    0.3286543966345562,
                    4.286949354843781
                ],
                [
                    0.9929093632763044,
                    0.09187850389540679,
                    0.07542769279373315,
                    0.3259131915135629
                ],
                [
                    -0.10127913160528836,
                    0.32162958005862685,
                    0.941433455286453,
                    2.276869048666603
                ],
                [
                    0.0,
                    0.0,
                    0.0,
                    1.0
                ]
            ]
        },
        {
            "file_path": "images\\train_frame_00018.jpg",
            "transform_matrix": [
                [
                    -0.08453122403124619,
                    -0.9571652056979355,
                    -0.2769282238505277,
                    0.39164885616105044
                ],
                [
                    0.9504554232644398,
                    -0.1608936099665114,
                    0.26598446319129004,
                    2.1292847292618298
                ],
                [
                    -0.29914705505987166,
                    -0.24072393996686914,
                    0.9233433945049011,
                    3.0398336146620264
                ],
                [
                    0.0,
                    0.0,
                    0.0,
                    1.0
                ]
            ]
        },
        {
            "file_path": "images\\eval_frame_00020.jpg",
            "transform_matrix": [
                [
                    -0.18394662623769106,
                    -0.9730791535716155,
                    -0.13885459869993408,
                    0.35459773715178816
                ],
                [
                    0.8622978829509959,
                    -0.22755966217038182,
                    0.4523924858031268,
                    2.812574375396124
                ],
                [
                    -0.4718114027384265,
                    -0.03651795499819556,
                    0.8809429261925815,
                    2.3877311445260365
                ],
                [
                    0.0,
                    0.0,
                    0.0,
                    1.0
                ]
            ]
        },
        {
            "file_path": "images\\train_frame_00023.jpg",
            "transform_matrix": [
                [
                    -0.22883648537494164,
                    -0.9669051778084004,
                    0.11281950225271195,
                    2.6458975964108196
                ],
                [
                    0.7496627334326716,
                    -0.10110653262015176,
                    0.6540514162998081,
                    2.437106581432943
                ],
                [
                    -0.620998912288499,
                    0.23424740380383252,
                    0.7479896421392913,
                    0.17568978562289592
                ],
                [
                    0.0,
                    0.0,
                    0.0,
                    1.0
                ]
            ]
        },
        {
            "file_path": "images\\train_frame_00027.jpg",
            "transform_matrix": [
                [
                    -0.24345849570322375,
                    -0.9692056076359158,
                    0.03699258029684565,
                    2.5819979894037
                ],
                [
                    0.7262195911662673,
                    -0.15687516420932282,
                    0.6693245014644222,
                    2.606740102201535
                ],
                [
                    -0.6429098430388376,
                    0.18981747280319905,
                    0.7420486916250064,
                    0.2067768260794062
                ],
                [
                    0.0,
                    0.0,
                    0.0,
                    1.0
                ]
            ]
        },
        {
            "file_path": "images\\eval_frame_00060.jpg",
            "transform_matrix": [
                [
                    0.192409568212097,
                    -0.49784696847277354,
                    -0.8456517924316743,
                    -3.307103752812629
                ],
                [
                    -0.6536530715264418,
                    0.5777294618952475,
                    -0.4888418260974358,
                    -0.7694938147690679
                ],
                [
                    0.731926376177606,
                    0.6468207362482254,
                    -0.21425852378568408,
                    -2.259375653278128
                ],
                [
                    0.0,
                    0.0,
                    0.0,
                    1.0
                ]
            ]
        },
        {
            "file_path": "images\\train_frame_00062.jpg",
            "transform_matrix": [
                [
                    0.24682986609160443,
                    -0.7412508122126589,
                    -0.6241972849983202,
                    -0.7703731789971733
                ],
                [
                    -0.586964097092564,
                    0.3981650677172264,
                    -0.7049381019451625,
                    -1.5962701675074276
                ],
                [
                    0.7710694948767668,
                    0.5403811731026629,
                    -0.33680858336253544,
                    -3.310386356297328
                ],
                [
                    0.0,
                    0.0,
                    0.0,
                    1.0
                ]
            ]
        },
        {
            "file_path": "images\\train_frame_00066.jpg",
            "transform_matrix": [
                [
                    0.34518423994626524,
                    -0.5023978208455632,
                    -0.79274476983601,
                    -2.6029828093372633
                ],
                [
                    -0.4981217220406905,
                    0.6178088910843649,
                    -0.608429884315624,
                    -1.9568543210582794
                ],
                [
                    0.7954386151828028,
                    0.6049037970675472,
                    -0.036997375168080535,
                    -2.1034467196266875
                ],
                [
                    0.0,
                    0.0,
                    0.0,
                    1.0
                ]
            ]
        },
        {
            "file_path": "images\\eval_frame_00070.jpg",
            "transform_matrix": [
                [
                    0.47799115449732577,
                    -0.6248877516710547,
                    -0.6172841760759851,
                    -3.5869281378504128
                ],
                [
                    0.11778042013794315,
                    0.7420166059449862,
                    -0.6599538840964669,
                    -1.577320061444207
                ],
                [
                    0.8704322080750707,
                    0.24274812937153084,
                    0.4282769160627027,
                    0.694954901167596
                ],
                [
                    0.0,
                    0.0,
                    0.0,
                    1.0
                ]
            ]
        },
        {
            "file_path": "images\\train_frame_00071.jpg",
            "transform_matrix": [
                [
                    0.48815052219145977,
                    -0.7136366301921042,
                    -0.5024259425350792,
                    -2.7728748344873315
                ],
                [
                    0.21585806016306677,
                    0.6565110568483656,
                    -0.7227714231335376,
                    -1.7292969773282427
                ],
                [
                    0.8456443493259106,
                    0.24436855829647844,
                    0.47452043387957255,
                    0.8652031651906136
                ],
                [
                    0.0,
                    0.0,
                    0.0,
                    1.0
                ]
            ]
        },
        {
            "file_path": "images\\train_frame_00075.jpg",
            "transform_matrix": [
                [
                    0.5136215664822913,
                    -0.844170770096549,
                    -0.15352067404384576,
                    1.3443456517740964
                ],
                [
                    0.2304231666414422,
                    0.30806100106231776,
                    -0.9230404020948448,
                    -2.8301738754192733
                ],
                [
                    0.8264974595963422,
                    0.4387187373922866,
                    0.35274327596952204,
                    -1.3812990820631283
                ],
                [
                    0.0,
                    0.0,
                    0.0,
                    1.0
                ]
            ]
        },
        {
            "file_path": "images\\train_frame_00079.jpg",
            "transform_matrix": [
                [
                    0.5200925793696886,
                    -0.5778731473879258,
                    -0.6289406445862412,
                    -2.4409413287064905
                ],
                [
                    0.28771409532382336,
                    0.8118678607215399,
                    -0.5080267474055125,
                    -2.0770102053711335
                ],
                [
                    0.8041917111215322,
                    0.08326585287741353,
                    0.5885086996026642,
                    1.2044099000089008
                ],
                [
                    0.0,
                    0.0,
                    0.0,
                    1.0
                ]
            ]
        },
        {
            "file_path": "images\\eval_frame_00080.jpg",
            "transform_matrix": [
                [
                    0.50008041581722,
                    -0.6207501227151422,
                    -0.603811943294609,
                    -2.520950273643985
                ],
                [
                    0.3864556498208411,
                    0.783949320993894,
                    -0.4858760056174451,
                    -1.8650591358681456
                ],
                [
                    0.7749655530651848,
                    0.009630538009278993,
                    0.631930094472501,
                    1.7102062208858144
                ],
                [
                    0.0,
                    0.0,
                    0.0,
                    1.0
                ]
            ]
        },
        {
            "file_path": "images\\train_frame_00084.jpg",
            "transform_matrix": [
                [
                    0.37075794367875947,
                    -0.9244105757940206,
                    -0.08946303459678379,
                    0.8144982247759575
                ],
                [
                    0.8541508601160208,
                    0.37722073561993114,
                    -0.35795366289705705,
                    -1.2044021750256129
                ],
                [
                    0.3646434633476373,
                    0.05629923603856059,
                    0.9294436726662431,
                    1.929496819595461
                ],
                [
                    0.0,
                    0.0,
                    0.0,
                    1.0
                ]
            ]
        },
        {
            "file_path": "images\\train_frame_00088.jpg",
            "transform_matrix": [
                [
                    0.08843395583034361,
                    -0.9952242343885608,
                    0.04132987710966419,
                    1.3659037324589134
                ],
                [
                    0.9892772291921625,
                    0.09259591580055919,
                    0.11294494313130268,
                    1.0025106388473468
                ],
                [
                    -0.11623252237680416,
                    0.030898538197766882,
                    0.9927412961487836,
                    3.5396118360255766
                ],
                [
                    0.0,
                    0.0,
                    0.0,
                    1.0
                ]
            ]
        },
        {
            "file_path": "images\\eval_frame_00090.jpg",
            "transform_matrix": [
                [
                    -0.10429126614755235,
                    -0.9915726725994818,
                    0.0768567938393314,
                    1.3820780549254716
                ],
                [
                    0.9379977911597751,
                    -0.07238047423817151,
                    0.3390003108087665,
                    1.602700944233414
                ],
                [
                    -0.33058051301418745,
                    0.10744627449557512,
                    0.937641627975368,
                    2.2587049190427364
                ],
                [
                    0.0,
                    0.0,
                    0.0,
                    1.0
                ]
            ]
        },
        {
            "file_path": "images\\train_frame_00093.jpg",
            "transform_matrix": [
                [
                    -0.3882481327571501,
                    -0.9214708613363319,
                    0.012443436770640644,
                    0.8499108024128055
                ],
                [
                    0.5855845121302772,
                    -0.23625622040605163,
                    0.7754184531416519,
                    2.4943391953698413
                ],
                [
                    -0.711585670572231,
                    0.3083414503882437,
                    0.6313251012028134,
                    0.2651207457888074
                ],
                [
                    0.0,
                    0.0,
                    0.0,
                    1.0
                ]
            ]
        },
        {
            "file_path": "images\\train_frame_00097.jpg",
            "transform_matrix": [
                [
                    -0.5531503707744299,
                    -0.7932469702449888,
                    -0.2545268384851715,
                    -0.033149519384764466
                ],
                [
                    0.010781406940850691,
                    -0.31231532966902065,
                    0.9499173101476285,
                    4.680434836463641
                ],
                [
                    -0.8330116617289854,
                    0.5227029548901333,
                    0.18130965879576527,
                    -0.8796893627915281
                ],
                [
                    0.0,
                    0.0,
                    0.0,
                    1.0
                ]
            ]
        },
        {
            "file_path": "images\\eval_frame_00100.jpg",
            "transform_matrix": [
                [
                    -0.5717935761296598,
                    -0.7107871558892273,
                    -0.4096751460849901,
                    -0.3392493129800827
                ],
                [
                    -0.36512605379833896,
                    -0.2266969255940612,
                    0.9029349194509271,
                    2.9224728596925895
                ],
                [
                    -0.7346666394593583,
                    0.6658754560344627,
                    -0.12990306353735057,
                    -1.9834261758722016
                ],
                [
                    0.0,
                    0.0,
                    0.0,
                    1.0
                ]
            ]
        },
        {
            "file_path": "images\\train_frame_00102.jpg",
            "transform_matrix": [
                [
                    -0.5339775871131073,
                    -0.6145176736705268,
