{
    "fl_x": 1074.452670937213,
    "fl_y": 1072.2149734095053,
    "cx": 1487.9938481094716,
    "cy": 998.8971959995184,
    "w": 3008,
    "h": 2000,
    "camera_model": "OPENCV_FISHEYE",
    "k1": 0.03060524881256097,
    "k2": 0.006503338324805288,
    "k3": 0.0001980286672716662,
    "k4": 0.0001619462046311063,
    "frames": [
        {
            "file_path": "images\\eval_frame_00167.jpg",
            "transform_matrix": [
                [
                    0.1869950645133667,
                    -0.8955363540084568,
                    -0.40379138734856895,
                    -1.550621266539025
                ],
                [
                    -0.7103326007687961,
                    0.1606668130009725,
                    -0.6852837160513514,
                    -2.102333554306148
                ],
                [
                    0.6785723558565294,
                    0.41497085903633135,
                    -0.6060847663635583,
                    -4.381099342508191
                ],
                [
                    0.0,
                    0.0,
                    0.0,
                    1.0
                ]
            ]
        },
        {
            "file_path": "images\\train_frame_00163.jpg",
            "transform_matrix": [
                [
                    0.15989216801599274,
                    -0.9648834078601343,
                    -0.20840946198135832,
                    -1.6929858028879745
                ],
                [
                    -0.7453028833738607,
                    0.020436284141218206,
                    -0.6664127627267562,
                    -1.9002721941651615
                ],
                [
                    0.6472697325240491,
                    0.2618823543630099,
                    -0.7158627842202248,
                    -4.052953936936612
                ],
                [
                    0.0,
                    0.0,
                    0.0,
                    1.0
                ]
            ]
        },
        {
            "file_path": "images\\eval_frame_00159.jpg",
            "transform_matrix": [
                [
                    0.07423398755101808,
                    0.03753588202779577,
                    -0.9965341803734936,
                    -2.867062899691113
                ],
                [
                    -0.8220401167768494,
                    0.5680341912465607,
                    -0.039839728718572255,
                    -0.6898108964110053
                ],
                [
                    0.564570067840812,
                    0.8221485359320789,
                    0.07302344392700133,
                    -2.717513965800905
                ],
                [
                    0.0,
                    0.0,
                    0.0,
                    1.0
                ]
            ]
        },
        {
            "file_path": "images\\train_frame_00157.jpg",
            "transform_matrix": [
                [
                    -0.4747220422765038,
                    -0.8612283940149944,
                    0.18145146987329386,
                    1.7345370729798644
                ],
                [
                    0.42342757686241084,
                    -0.042742604197456555,
                    0.9049210777403995,
                    4.111671366980499
                ],
                [
                    -0.7715880181348412,
                    0.506417538330549,
                    0.3849587083597076,
                    -0.17476254610305128
                ],
                [
                    0.0,
                    0.0,
                    0.0,
                    1.0
                ]
            ]
        },
        {
            "file_path": "images\\train_frame_00152.jpg",
            "transform_matrix": [
                [
                    -0.3592724978354493,
                    -0.8289291931751767,
                    0.4287186315067584,
                    0.4953163152993745
                ],
                [
                    0.5867877051221407,
                    0.15656725823733633,
                    0.794460120311608,
                    3.1148908530338355
                ],
                [
                    -0.725674487230031,
                    0.5369944937799584,
                    0.4301551490258339,
                    0.4876872509267849
                ],
                [
                    0.0,
                    0.0,
                    0.0,
                    1.0
                ]
            ]
        },
        {
            "file_path": "images\\eval_frame_00149.jpg",
            "transform_matrix": [
                [
                    -0.15076729847009238,
                    -0.9881058539614026,
                    -0.03026620358151056,
                    0.7097340866651726
                ],
                [
                    0.8994586477838187,
                    -0.14981586276852402,
                    0.41052326144790796,
                    1.7741088257431752
                ],
                [
                    -0.41017479522629696,
                    0.03467028454065726,
                    0.9113476881689749,
                    2.0659975627688065
                ],
                [
                    0.0,
                    0.0,
                    0.0,
                    1.0
                ]
            ]
        },
        {
            "file_path": "images\\train_frame_00146.jpg",
            "transform_matrix": [
                [
                    0.1325108556335339,
                    -0.4467684120537691,
                    0.8847818144210596,
                    1.7430126980856095
                ],
                [
                    0.9779590551444763,
                    0.20425142748195538,
                    -0.043329445328861446,
                    -1.0137107991375227
                ],
                [
                    -0.16135972112082989,
                    0.8710220091148886,
                    0.46398674554050673,
                    2.5683884653761293
                ],
                [
                    0.0,
                    0.0,
                    0.0,
                    1.0
                ]
            ]
        },
        {
            "file_path": "images\\train_frame_00141.jpg",
            "transform_matrix": [
                [
                    0.22226560537653514,
                    -0.8479833388786476,
                    0.4811675982969165,
                    2.611343540219141
                ],
                [
                    0.9666793788067514,
                    0.12738202269126048,
                    -0.22204683939402622,
                    -0.7539217005009985
                ],
                [
                    0.12699991833224006,
                    0.5144881702034593,
                    0.8480406496532468,
                    1.824265850465471
                ],
                [
                    0.0,
                    0.0,
                    0.0,
                    1.0
                ]
            ]
        },
        {
            "file_path": "images\\eval_frame_00139.jpg",
            "transform_matrix": [
                [
                    0.14994472701687814,
                    -0.8263670327836938,
                    0.5428020872915904,
                    0.9123642524197164
                ],
                [
                    0.9860538948302071,
                    0.08489425834661601,
                    -0.1431456649359558,
                    0.004590143387286813
                ],
                [
                    0.07221007775935993,
                    0.55669604994831,
                    0.8275718776287265,
                    3.310023185614213
                ],
                [
                    0.0,
                    0.0,
                    0.0,
                    1.0
                ]
            ]
        },
        {
            "file_path": "images\\train_frame_00135.jpg",
            "transform_matrix": [
                [
                    0.01105940464402192,
                    -0.9662359494872257,
                    0.25742140448579487,
                    0.9251236746725716
                ],
                [
                    0.9813997306049834,
                    0.05983106512641338,
                    0.18241384929413926,
                    1.678158226986768
                ],
                [
                    -0.19165661568906472,
                    0.2506159084422981,
                    0.9489253964871294,
                    4.274877531632404
                ],
                [
                    0.0,
                    0.0,
                    0.0,
                    1.0
                ]
            ]
        },
        {
            "file_path": "images\\train_frame_00130.jpg",
            "transform_matrix": [
                [
                    0.25145418556576843,
                    -0.9662698790008708,
                    0.05561756464551826,
                    1.2374084367934401
                ],
                [
                    0.9172273535961012,
                    0.21955931415154858,
                    -0.3323968853409947,
                    -1.2491017604406278
                ],
                [
                    0.3089737438303599,
                    0.13459653972128677,
                    0.94149827249895,
                    2.9879639912525233
                ],
                [
                    0.0,
                    0.0,
                    0.0,
                    1.0
                ]
            ]
        },
        {
            "file_path": "images\\eval_frame_00129.jpg",
            "transform_matrix": [
                [
                    0.2711849032726668,
                    -0.9621349961284289,
                    0.027477217143338485,
                    1.220972600753283
                ],
                [
                    0.8936755720343856,
                    0.24108112822212519,
                    -0.3784492853265294,
                    -1.9804251312639007
                ],
                [
                    0.3574950631631268,
                    0.12718545058337088,
                    0.9252141054771577,
                    3.3221577336810997
                ],
                [
                    0.0,
                    0.0,
                    0.0,
                    1.0
                ]
            ]
        },
        {
            "file_path": "images\\train_frame_00056.jpg",
            "transform_matrix": [
                [
                    -0.04175851287439384,
                    -0.031278764389424674,
                    -0.9986380052355257,
                    -3.712271104165201
                ],
                [
                    -0.9409118263112216,
                    0.3374268487948404,
                    0.028775976439820466,
                    0.8568993365320507
                ],
                [
                    0.3360671982062521,
                    0.9408319513125895,
                    -0.04352100273597725,
                    -2.411730119382905
                ],
                [
                    0.0,
                    0.0,
                    0.0,
                    1.0
                ]
            ]
        },
        {
            "file_path": "images\\eval_frame_00051.jpg",
            "transform_matrix": [
                [
                    -0.2192770288528695,
                    -0.74372065061151,
                    -0.6315039021822826,
                    0.2431838288146855
                ],
                [
                    -0.9722993447581108,
                    0.2202695378645114,
                    0.07820047871913988,
                    0.7304797731303245
                ],
                [
                    0.08094176178219674,
                    0.6311583989324286,
                    -0.7714191510823718,
                    -4.331820950386868
                ],
                [
                    0.0,
                    0.0,
                    0.0,
                    1.0
                ]
            ]
        },
        {
            "file_path": "images\\train_frame_00050.jpg",
            "transform_matrix": [
                [
                    -0.19881306231890167,
                    -0.7110372207438997,
                    -0.6744623317637325,
                    -0.35549466433823307
                ],
                [
                    -0.976236118717673,
                    0.20423901431430935,
                    0.07245319553320537,
                    0.8498590141302353
                ],
                [
                    0.08623460304561074,
                    0.6728391306610444,
                    -0.7347456005236479,
                    -3.9010215206703323
                ],
                [
                    0.0,
                    0.0,
                    0.0,
                    1.0
                ]
            ]
        },
        {
            "file_path": "images\\train_frame_00045.jpg",
            "transform_matrix": [
                [
                    -0.4698478961859257,
                    -0.2937182206662666,
                    -0.8324497349980369,
                    -3.234217833488261
                ],
                [
                    -0.8407194170888684,
                    -0.13862160826570077,
                    0.5234261279794727,
                    3.024267059389707
                ],
                [
                    -0.26913531202614843,
                    0.9457873210032329,
                    -0.181803540257374,
                    -1.3483416979067784
                ],
                [
                    0.0,
                    0.0,
                    0.0,
                    1.0
                ]
            ]
        },
        {
            "file_path": "images\\eval_frame_00041.jpg",
            "transform_matrix": [
                [
                    -0.5585151952340299,
                    -0.7000537770273415,
                    -0.4449555999899843,
                    -0.5157357969743197
                ],
                [
                    -0.3319776662862664,
                    -0.30293796387328775,
                    0.8933193265184801,
                    3.751742197626247
                ],
                [
                    -0.7601655120957659,
                    0.6466477397424815,
                    -0.0632067631359343,
                    -1.8706240401732355
                ],
                [
                    0.0,
                    0.0,
                    0.0,
                    1.0
                ]
            ]
        },
        {
            "file_path": "images\\train_frame_00039.jpg",
            "transform_matrix": [
                [
                    -0.5489203392454597,
                    -0.8101433845017727,
                    -0.20580125779659958,
                    1.8197629566967233
                ],
                [
                    -0.29163636275239396,
                    -0.04511633587041117,
                    0.9554646765622379,
                    3.3487075889225286
                ],
                [
                    -0.7833483855113272,
                    0.5844931246692653,
                    -0.21150199557251279,
                    -2.993644598297078
                ],
                [
                    0.0,
                    0.0,
                    0.0,
                    1.0
                ]
            ]
        },
        {
            "file_path": "images\\train_frame_00034.jpg",
            "transform_matrix": [
                [
                    -0.5768214728578654,
                    -0.7311477654073133,
                    -0.3642800208493115,
                    -1.2166627404513113
                ],
                [
                    -0.1379009664728153,
                    -0.3523874876593937,
                    0.9256383645824994,
                    3.646679889756897
                ],
                [
                    -0.805146143191375,
                    0.5841626517340804,
                    0.10243868616426659,
                    -0.5889518204832472
                ],
                [
                    0.0,
                    0.0,
                    0.0,
                    1.0
                ]
            ]
        },
        {
            "file_path": "images\\eval_frame_00031.jpg",
            "transform_matrix": [
                [
                    -0.4901283329409009,
                    -0.788797535806762,
                    -0.37090789254713014,
                    -1.4381452785212345
                ],
                [
                    0.3560303743014303,
                    -0.5695752899309884,
                    0.7408281593425117,
                    3.8425237027611785
                ],
                [
                    -0.7956233969808558,
                    0.231046394919312,
                    0.5600008692595331,
                    0.9266309692396067
                ],
                [
                    0.0,
                    0.0,
                    0.0,
                    1.0
                ]
            ]
        },
        {
            "file_path": "images\\train_frame_00012.jpg",
            "transform_matrix": [
                [
                    0.0836917642869752,
                    -0.933042419660983,
                    0.3498964585469698,
                    4.036396209501372
                ],
                [
                    0.993451042567513,
                    0.1055329216488804,
                    0.04379301850492225,
                    -0.04760655418534817
                ],
                [
                    -0.07778633949514897,
                    0.34393988655203883,
                    0.9357642009750727,
                    2.755883270809084
                ],
                [
                    0.0,
                    0.0,
                    0.0,
                    1.0
                ]
            ]
        },
        {
            "file_path": "images\\train_frame_00007.jpg",
            "transform_matrix": [
                [
                    0.26702445245053447,
                    -0.9628073264110241,
                    -0.04123098352874491,
                    -0.9200340530314313
                ],
                [
                    0.9293842896536265,
                    0.2685970626590342,
                    -0.2531806866172125,
                    -1.3308862767156902
                ],
                [
                    0.2548387410471897,
                    0.029286005876428583,
                    0.9665399867161675,
                    4.918841795648481
                ],
                [
                    0.0,
                    0.0,
                    0.0,
                    1.0
                ]
            ]
        },
        {
            "file_path": "images\\eval_frame_00005.jpg",
            "transform_matrix": [
                [
                    0.39939362837405795,
                    -0.8876960614327583,
                    -0.22908608017724172,
                    -0.4228082937861213
                ],
                [
                    0.7750463676459565,
                    0.46040603859324536,
                    -0.4328156739602714,
                    -2.447115147487925
                ],
                [
                    0.48968138377215614,
                    -0.004688511879465466,
                    0.871888846266164,
                    3.851031419413009
                ],
                [
                    0.0,
                    0.0,
                    0.0,
                    1.0
                ]
            ]
        },
        {
            "file_path": "images\\train_frame_00001.jpg",
            "transform_matrix": [
                [
                    0.430532666297031,
                    -0.9003783684233388,
                    0.06293184350149002,
                    3.613658512957277
                ],
                [
                    0.6566997540427628,
                    0.26465416940679326,
                    -0.7061894955716739,
                    -3.7493416909904393
                ],
                [
                    0.619182571049399,
                    0.34536497258831417,
                    0.7052205182903634,
                    1.582747461879003
                ],
                [
                    0.0,
                    0.0,
                    0.0,
                    1.0
                ]
            ]
        },
        {
            "file_path": "images\\train_frame_00018.jpg",
            "transform_matrix": [
                [
                    -0.08453122403124619,
                    -0.9571652056979355,
                    -0.2769282238505277,
                    0.39164885616105044
                ],
                [
                    0.9504554232644398,
                    -0.1608936099665114,
                    0.26598446319129004,
                    2.1292847292618298
                ],
                [
                    -0.29914705505987166,
                    -0.24072393996686914,
                    0.9233433945049011,
                    3.0398336146620264
                ],
                [
                    0.0,
                    0.0,
                    0.0,
                    1.0
                ]
            ]
        },
        {
            "file_path": "images\\eval_frame_00019.jpg",
            "transform_matrix": [
                [
                    -0.15425302803383698,
                    -0.9480863756783292,
                    -0.27809751454394954,
                    0.11488335587627932
                ],
                [
                    0.9192093910682341,
                    -0.24091659699938864,
                    0.3114695629787929,
                    2.5346189912360924
                ],
                [
                    -0.3622983559365932,
                    -0.20758472377167855,
                    0.9086520146581294,
                    2.8677266621426547
                ],
                [
                    0.0,
                    0.0,
                    0.0,
                    1.0
                ]
            ]
        },
        {
            "file_path": "images\\train_frame_00024.jpg",
            "transform_matrix": [
                [
                    -0.24021666701765593,
                    -0.9502582155624858,
                    0.19825558414059663,
                    3.2799571413081385
                ],
                [
                    0.7413809024918901,
                    -0.047758758659161155,
                    0.6693828937100547,
                    2.3739702229229387
                ],
                [
                    -0.6266181535091677,
                    0.30777983157987554,
                    0.7159757432800531,
                    -0.14810143557663458
                ],
                [
                    0.0,
                    0.0,
                    0.0,
                    1.0
                ]
            ]
        },
        {
            "file_path": "images\\eval_frame_00029.jpg",
            "transform_matrix": [
                [
                    -0.28754262511919226,
                    -0.9228911420163953,
                    -0.25610774827645777,
                    0.06892164319278024
                ],
                [
                    0.6859195261582713,
                    -0.3850563948866529,
                    0.6174511935300689,
                    3.400364284933663
                ],
                [
                    -0.6684561633902228,
                    0.001874231727364692,
                    0.743749181432192,
                    1.168497574954624
                ],
                [
                    0.0,
                    0.0,
                    0.0,
                    1.0
                ]
            ]
        },
        {
            "file_path": "images\\train_frame_00060.jpg",
            "transform_matrix": [
                [
                    0.192409568212097,
                    -0.49784696847277354,
                    -0.8456517924316743,
                    -3.307103752812629
                ],
                [
                    -0.6536530715264418,
                    0.5777294618952475,
                    -0.4888418260974358,
                    -0.7694938147690679
                ],
                [
                    0.731926376177606,
                    0.6468207362482254,
                    -0.21425852378568408,
                    -2.259375653278128
                ],
                [
                    0.0,
                    0.0,
                    0.0,
                    1.0
                ]
            ]
        },
        {
            "file_path": "images\\train_frame_00065.jpg",
            "transform_matrix": [
                [
                    0.3157669614326303,
                    -0.6790981449445405,
                    -0.6626589889230263,
                    -0.9407791929418157
                ],
                [
                    -0.5530094081342191,
                    0.43578985252915514,
                    -0.7101181584410139,
                    -1.9420905991458908
                ],
                [
                    0.7710199871486105,
                    0.5906885084081973,
                    -0.23793962564452098,
                    -3.209704800412275
                ],
                [
                    0.0,
                    0.0,
                    0.0,
                    1.0
                ]
            ]
        },
        {
            "file_path": "images\\eval_frame_00069.jpg",
            "transform_matrix": [
                [
                    0.418762169601362,
                    -0.45139657532777605,
                    -0.7879589945505512,
                    -4.101293659265697
                ],
                [
                    -0.07694273496301929,
                    0.8469470620447204,
                    -0.526080307206254,
                    -1.573954849841631
                ],
                [
                    0.9048304044665886,
                    0.28093025090967233,
                    0.319937702180687,
                    0.3021246509759042
                ],
                [
                    0.0,
                    0.0,
                    0.0,
                    1.0
                ]
            ]
        },
        {
            "file_path": "images\\train_frame_00071.jpg",
            "transform_matrix": [
                [
                    0.48815052219145977,
                    -0.7136366301921042,
                    -0.5024259425350792,
                    -2.7728748344873315
                ],
                [
                    0.21585806016306677,
                    0.6565110568483656,
                    -0.7227714231335376,
                    -1.7292969773282427
                ],
                [
                    0.8456443493259106,
                    0.24436855829647844,
                    0.47452043387957255,
                    0.8652031651906136
                ],
                [
                    0.0,
                    0.0,
                    0.0,
                    1.0
                ]
            ]
        },
        {
            "file_path": "images\\train_frame_00076.jpg",
            "transform_matrix": [
                [
                    0.4984514099032439,
                    -0.843525474802381,
                    -0.20002741143374847,
                    1.1677913078394722
                ],
                [
                    0.24074716453101008,
                    0.35634572248891305,
                    -0.9028059198045464,
                    -2.8576341679393136
                ],
                [
                    0.8328187046024765,
                    0.4018488514644184,
                    0.380697394055936,
                    -1.304681525119838
                ],
                [
                    0.0,
                    0.0,
                    0.0,
                    1.0
                ]
            ]
        },
        {
            "file_path": "images\\eval_frame_00079.jpg",
            "transform_matrix": [
                [
                    0.5200925793696886,
                    -0.5778731473879258,
                    -0.6289406445862412,
                    -2.4409413287064905
                ],
                [
                    0.28771409532382336,
                    0.8118678607215399,
                    -0.5080267474055125,
                    -2.0770102053711335
                ],
                [
                    0.8041917111215322,
                    0.08326585287741353,
                    0.5885086996026642,
                    1.2044099000089008
                ],
                [
                    0.0,
                    0.0,
                    0.0,
                    1.0
                ]
            ]
        },
        {
            "file_path": "images\\train_frame_00082.jpg",
            "transform_matrix": [
                [
                    0.43009077646607874,
                    -0.8666230093581598,
                    -0.2529554973702138,
                    -0.4929029997136464
                ],
                [
                    0.6630613354713822,
                    0.49338583773300015,
                    -0.5629565529660461,
                    -1.9528230888279292
                ],
                [
                    0.6126757620485018,
                    0.07439741108071247,
                    0.7868249079832024,
                    1.9072402134156947
                ],
                [
                    0.0,
                    0.0,
                    0.0,
                    1.0
                ]
            ]
        },
        {
            "file_path": "images\\train_frame_00087.jpg",
            "transform_matrix": [
                [
                    0.17134432998675403,
                    -0.984465170389207,
                    0.038333391083232526,
                    1.3023091562365525
                ],
                [
                    0.9847473859323007,
                    0.17232775079237048,
                    0.023994420316875303,
                    0.4389568534783406
                ],
                [
                    -0.030227578151260665,
                    0.03363739879051823,
                    0.9989768860798117,
                    3.8458555088415816
                ],
                [
                    0.0,
                    0.0,
                    0.0,
                    1.0
                ]
            ]
        },
        {
            "file_path": "images\\eval_frame_00089.jpg",
            "transform_matrix": [
                [
                    -0.0052330973373058256,
                    -0.9992645514501342,
                    0.03798645689480433,
                    1.344076317872102
                ],
                [
                    0.9773462692385094,
                    0.0029265387858532096,
                    0.21162633431664937,
                    1.3839144609158773
                ],
                [
                    -0.2115818628754025,
                    0.03823338313434271,
                    0.976612166479753,
                    2.9489778379246565
                ],
                [
                    0.0,
                    0.0,
                    0.0,
                    1.0
                ]
            ]
        },
        {
            "file_path": "images\\train_frame_00093.jpg",
            "transform_matrix": [
                [
                    -0.3882481327571501,
                    -0.9214708613363319,
                    0.012443436770640644,
                    0.8499108024128055
                ],
                [
                    0.5855845121302772,
                    -0.23625622040605163,
                    0.7754184531416519,
                    2.4943391953698413
                ],
                [
                    -0.711585670572231,
                    0.3083414503882437,
                    0.6313251012028134,
                    0.2651207457888074
                ],
                [
                    0.0,
                    0.0,
                    0.0,
                    1.0
                ]
            ]
        },
        {
            "file_path": "images\\train_frame_00098.jpg",
            "transform_matrix": [
                [
                    -0.5474952703345983,
                    -0.780360967527977,
                    -0.30213521694771756,
                    -0.2626294184964723
                ],
                [
                    -0.08359955556883097,
                    -0.30824344587960495,
                    0.9476270850819749,
                    4.126662216232109
                ],
                [
                    -0.8326223893638331,
                    0.544079716981865,
                    0.10352399866212067,
                    -1.4511018980315564
                ],
                [
                    0.0,
                    0.0,
                    0.0,
                    1.0
                ]
            ]
        },
        {
            "file_path": "images\\eval_frame_00099.jpg",
            "transform_matrix": [
                [
                    -0.5831655400981741,
                    -0.7360350836845836,
                    -0.3437590848653061,
                    -0.28886257116642794
                ],
                [
                    -0.1929805906875306,
                    -0.28553043832652675,
                    0.9387389735208362,
                    3.432616880211316
                ],
                [
                    -0.7890985011137054,
                    0.6137790517559959,
                    0.02447102706496045,
                    -1.7620775619145062
                ],
                [
                    0.0,
                    0.0,
                    0.0,
                    1.0
                ]
            ]
        },
        {
            "file_path": "images\\train_frame_00104.jpg",
            "transform_matrix": [
                [
                    -0.5358744212460193,
                    -0.4867233021354057,
                    -0.6898833465250849,
                    -2.2057916659694548
                ],
                [
                    -0.7418581041405015,
                    -0.11867319055806232,
                    0.6599721412028163,
                    3.2307604902201805
                ],
                [
                    -0.403094477728614,
                    0.8654577407367596,
                    -0.2974856988554561,
                    -3.7671045861824206
                ],
                [
                    0.0,
                    0.0,
                    0.0,
                    1.0
                ]
            ]
        },
        {
            "file_path": "images\\eval_frame_00109.jpg",
            "transform_matrix": [
                [
                    -0.12826732468876648,
                    -0.47883754493744274,
                    -0.8684826417237531,
                    -1.4329140055854037
                ],
                [
                    -0.9612323587927618,
                    0.2755595600485468,
                    -0.009963998973994892,
                    0.7937881229384536
                ],
                [
                    0.24408983146966406,
                    0.8335355627830966,
                    -0.49561943035859357,
                    -2.9644108025676164
                ],
                [
                    0.0,
                    0.0,
                    0.0,
                    1.0
                ]
            ]
        },
        {
            "file_path": "images\\train_frame_00110.jpg",
            "transform_matrix": [
                [
                    -0.00338807013840678,
                    -0.48801620992431216,
                    -0.8728279898306693,
                    -1.7668621626178724
                ],
                [
                    -0.9174415597852684,
                    0.3487809038216748,
                    -0.1914493810596132,
                    0.26509718819522526
                ],
                [
                    0.3978561365110643,
                    0.8001200284835052,
                    -0.44890804699854076,
                    -3.015058020132481
                ],
                [
                    0.0,
                    0.0,
                    0.0,
                    1.0
                ]
            ]
        },
        {
            "file_path": "images\\train_frame_00115.jpg",
            "transform_matrix": [
                [
                    0.29835976309398965,
                    -0.58456214141016,
                    -0.7544988764713081,
                    -3.3428510824873117
                ],
                [
                    -0.4800460026116297,
                    0.5913366559057115,
                    -0.6479790079615582,
                    -3.840601905793669
                ],
                [
                    0.8249468389799994,
                    0.5555250329303064,
                    -0.10418565469722127,
                    -3.528748522910776
                ],
                [
                    0.0,
                    0.0,
                    0.0,
                    1.0
                ]
            ]
        },
        {
            "file_path": "images\\eval_frame_00119.jpg",
            "transform_matrix": [
                [
                    0.37868750225605013,
                    -0.7032065320652723,
                    -0.6017444215743154,
                    -1.4054940074891746
                ],
                [
                    -0.11598070384709065,
                    0.6089849737380599,
                    -0.7846564713913903,
                    -1.9784654269077762
                ],
                [
                    0.9182288668791716,
                    0.366930340830501,
                    0.14905661007753032,
                    -1.3396050476183161
                ],
                [
                    0.0,
                    0.0,
                    0.0,
                    1.0
                ]
            ]
        },
        {
            "file_path": "images\\train_frame_00121.jpg",
            "transform_matrix": [
                [
                    0.43513463975899513,
                    -0.7988439699655433,
                    -0.4153386051542759,
                    -0.8653505541431235
                ],
                [
                    0.26973200295110616,
                    0.5557722874431054,
                    -0.7863598483482247,
                    -1.7323543938139776
                ],
                [
                    0.8590125097260192,
                    0.23014229546076123,
                    0.45730955814880764,
                    -0.5961771234750545
                ],
                [
                    0.0,
                    0.0,
                    0.0,
                    1.0
                ]
            ]
        },
        {
            "file_path": "images\\train_frame_00126.jpg",
            "transform_matrix": [
                [
                    0.3510964039481202,
                    -0.9290836106987806,
