{
    "camera_angle_x": 0.6911112070083618,
    "frames": [
        {
            "file_path": "./train/r_14",
            "rotation": 0.012566370614359171,
            "transform_matrix": [
                [
                    -0.06348517537117004,
                    0.8717355132102966,
                    -0.48584654927253723,
                    -1.9585098028182983
                ],
                [
                    -0.9979828596115112,
                    -0.05545414239168167,
                    0.030906395986676216,
                    0.12458765506744385
                ],
                [
                    0.0,
                    0.4868285059928894,
                    0.8734976053237915,
                    3.521181106567383
                ],
                [
                    0.0,
                    0.0,
                    0.0,
                    1.0
                ]
            ]
        },
        {
            "file_path": "./train/r_21",
            "rotation": 0.012566370614359171,
            "transform_matrix": [
                [
                    0.9048085808753967,
                    0.3769117295742035,
                    -0.19813843071460724,
                    -0.7987216114997864
                ],
                [
                    -0.4258183538913727,
                    0.8008883595466614,
                    -0.4210183620452881,
                    -1.6971794366836548
                ],
                [
                    0.0,
                    0.4653121531009674,
                    0.8851466178894043,
                    3.5681405067443848
                ],
                [
                    0.0,
                    0.0,
                    0.0,
                    1.0
                ]
            ]
        },
        {
            "file_path": "./train/r_30",
            "rotation": 0.012566370614359171,
            "transform_matrix": [
                [
                    -0.28673890233039856,
                    -0.8562213182449341,
                    0.42972761392593384,
                    1.7322875261306763
                ],
                [
                    0.9580087661743164,
                    -0.25627318024635315,
                    0.12862055003643036,
                    0.5184860825538635
                ],
                [
                    0.0,
                    0.44856342673301697,
                    0.8937509655952454,
                    3.60282564163208
                ],
                [
                    0.0,
                    0.0,
                    0.0,
                    1.0
                ]
            ]
        },
        {
            "file_path": "./train/r_31",
            "rotation": 0.012566370614359171,
            "transform_matrix": [
                [
                    -0.15501070022583008,
                    0.9340341687202454,
                    -0.32179465889930725,
                    -1.2971957921981812
                ],
                [
                    -0.9879127740859985,
                    -0.1465567648410797,
                    0.050491925328969955,
                    0.20353946089744568
                ],
                [
                    0.0,
                    0.3257317543029785,
                    0.945462167263031,
                    3.8112800121307373
                ],
                [
                    0.0,
                    0.0,
                    0.0,
                    1.0
                ]
            ]
        },
        {
            "file_path": "./train/r_39",
            "rotation": 0.012566370614359171,
            "transform_matrix": [
                [
                    -0.9966232776641846,
                    0.07444921880960464,
                    -0.034631188958883286,
                    -0.13960279524326324
                ],
                [
                    -0.0821097195148468,
                    -0.9036424160003662,
                    0.4203430414199829,
                    1.6944570541381836
                ],
                [
                    0.0,
                    0.4217672646045685,
                    0.9067041277885437,
                    3.655041217803955
                ],
                [
                    0.0,
                    0.0,
                    0.0,
                    1.0
                ]
            ]
        },
        {
            "file_path": "./train/r_49",
            "rotation": 0.012566370614359171,
            "transform_matrix": [
                [
                    0.3739576041698456,
                    -0.8564795851707458,
                    0.35580646991729736,
                    1.434301733970642
                ],
                [
                    0.9274457693099976,
                    0.3453431725502014,
                    -0.1434655785560608,
                    -0.5783282518386841
                ],
                [
                    0.0,
                    0.38364121317863464,
                    0.9234821796417236,
                    3.7226758003234863
                ],
                [
                    0.0,
                    0.0,
                    0.0,
                    1.0
                ]
            ]
        },
        {
            "file_path": "./train/r_57",
            "rotation": 0.012566370614359171,
            "transform_matrix": [
                [
                    -0.9822137951850891,
                    -0.1677587777376175,
                    0.08433839678764343,
                    0.339978963136673
                ],
                [
                    0.1877657175064087,
                    -0.8775562047958374,
                    0.44117921590805054,
                    1.7784502506256104
                ],
                [
                    0.0,
                    0.4491681754589081,
                    0.89344722032547,
                    3.6016008853912354
                ],
                [
                    0.0,
                    0.0,
                    0.0,
                    1.0
                ]
            ]
        },
        {
            "file_path": "./train/r_77",
            "rotation": 0.012566370614359171,
            "transform_matrix": [
                [
                    -0.30372685194015503,
                    -0.8604696989059448,
                    0.40907466411590576,
                    1.649032473564148
                ],
                [
                    0.9527590870857239,
                    -0.27430620789527893,
                    0.13040752708911896,
                    0.5256894826889038
                ],
                [
                    -7.4505792646561986e-09,
                    0.4293578565120697,
                    0.9031345248222351,
                    3.640651226043701
                ],
                [
                    0.0,
                    0.0,
                    0.0,
                    1.0
                ]
            ]
        },
        {
            "file_path": "./train/r_79",
            "rotation": 0.012566370614359171,
            "transform_matrix": [
                [
                    -0.9993038773536682,
                    -0.0326223149895668,
                    0.018094748258590698,
                    0.07294226437807083
                ],
                [
                    0.037304628640413284,
                    -0.8738756775856018,
                    0.4847160875797272,
                    1.9539530277252197
                ],
                [
                    0.0,
                    0.48505374789237976,
                    0.8744843602180481,
                    3.5251591205596924
                ],
                [
                    0.0,
                    0.0,
                    0.0,
                    1.0
                ]
            ]
        },
        {
            "file_path": "./train/r_86",
            "rotation": 0.012566370614359171,
            "transform_matrix": [
                [
                    0.7959837317466736,
                    -0.5319463610649109,
                    0.28886470198631287,
                    1.1644508838653564
                ],
                [
                    0.6053178310394287,
                    0.6995013952255249,
                    -0.3798527419567108,
                    -1.5312353372573853
                ],
                [
                    1.4901159417490817e-08,
                    0.4772116243839264,
                    0.878788411617279,
                    3.5425093173980713
                ],
                [
                    0.0,
                    0.0,
                    0.0,
                    1.0
                ]
            ]
        }
    ]
}