{
    "camera_angle_x": 0.6911112070083618,
    "frames": [
        {
            "file_path": "./train/r_20",
            "rotation": 0.012566370614359171,
            "transform_matrix": [
                [
                    0.8422731161117554,
                    -0.25616011023521423,
                    0.47429734468460083,
                    1.9119539260864258
                ],
                [
                    0.5390509963035583,
                    0.40025293827056885,
                    -0.7410947680473328,
                    -2.9874486923217773
                ],
                [
                    1.4901161193847656e-08,
                    0.8798747658729553,
                    0.475205659866333,
                    1.915615439414978
                ],
                [
                    0.0,
                    0.0,
                    0.0,
                    1.0
                ]
            ]
        },
        {
            "file_path": "./train/r_28",
            "rotation": 0.012566370614359171,
            "transform_matrix": [
                [
                    0.7852338552474976,
                    -0.33010709285736084,
                    0.5238673686981201,
                    2.111776828765869
                ],
                [
                    0.619199275970459,
                    0.4186233878135681,
                    -0.6643393039703369,
                    -2.678037405014038
                ],
                [
                    -1.4901161193847656e-08,
                    0.8460399508476257,
                    0.5331193804740906,
                    2.1490728855133057
                ],
                [
                    0.0,
                    0.0,
                    0.0,
                    1.0
                ]
            ]
        },
        {
            "file_path": "./train/r_34",
            "rotation": 0.012566370614359171,
            "transform_matrix": [
                [
                    -0.7566120028495789,
                    0.34157976508140564,
                    -0.5575495362281799,
                    -2.247554063796997
                ],
                [
                    -0.6538640856742859,
                    -0.39525550603866577,
                    0.6451627016067505,
                    2.600733995437622
                ],
                [
                    0.0,
                    0.8526995182037354,
                    0.5224018096923828,
                    2.1058690547943115
                ],
                [
                    0.0,
                    0.0,
                    0.0,
                    1.0
                ]
            ]
        },
        {
            "file_path": "./train/r_54",
            "rotation": 0.012566370614359171,
            "transform_matrix": [
                [
                    -0.30069297552108765,
                    0.47792530059814453,
                    -0.8253308534622192,
                    -3.3270153999328613
                ],
                [
                    -0.9537209868431091,
                    -0.15068219602108002,
                    0.26021361351013184,
                    1.048954725265503
                ],
                [
                    7.450580596923828e-09,
                    0.8653798699378967,
                    0.5011163353919983,
                    2.0200648307800293
                ],
                [
                    0.0,
                    0.0,
                    0.0,
                    1.0
                ]
            ]
        },
        {
            "file_path": "./train/r_67",
            "rotation": 0.012566370614359171,
            "transform_matrix": [
                [
                    -0.9999840259552002,
                    0.002792684594169259,
                    -0.004916718695312738,
                    -0.019819926470518112
                ],
                [
                    -0.005654485896229744,
                    -0.4938804805278778,
                    0.8695114254951477,
                    3.505112648010254
                ],
                [
                    -2.3283064365386963e-10,
                    0.8695253133773804,
                    0.49388840794563293,
                    1.990927815437317
                ],
                [
                    0.0,
                    0.0,
                    0.0,
                    1.0
                ]
            ]
        },
        {
            "file_path": "./train/r_68",
            "rotation": 0.012566370614359171,
            "transform_matrix": [
                [
                    0.5215556025505066,
                    -0.4440380930900574,
                    0.7285671234130859,
                    2.9369475841522217
                ],
                [
                    0.8532173037528992,
                    0.2714320719242096,
                    -0.4453592896461487,
                    -1.7953004837036133
                ],
                [
                    0.0,
                    0.8539056777954102,
                    0.520427942276001,
                    2.097911834716797
                ],
                [
                    0.0,
                    0.0,
                    0.0,
                    1.0
                ]
            ]
        },
        {
            "file_path": "./train/r_83",
            "rotation": 0.012566370614359171,
            "transform_matrix": [
                [
                    -0.048472680151462555,
                    0.48035264015197754,
                    -0.8757349252700806,
                    -3.530200481414795
                ],
                [
                    -0.9988245964050293,
                    -0.023311378434300423,
                    0.04249916970729828,
                    0.1713196337223053
                ],
                [
                    0.0,
                    0.8767656087875366,
                    0.48091796040534973,
                    1.9386422634124756
                ],
                [
                    0.0,
                    0.0,
                    0.0,
                    1.0
                ]
            ]
        },
        {
            "file_path": "./train/r_90",
            "rotation": 0.012566370614359171,
            "transform_matrix": [
                [
                    0.08438806980848312,
                    0.515834391117096,
                    -0.8525218367576599,
                    -3.4366254806518555
                ],
                [
                    -0.9964329600334167,
                    0.04368609935045242,
                    -0.0722002163529396,
                    -0.2910483777523041
                ],
                [
                    0.0,
                    0.8555737137794495,
                    0.5176809430122375,
                    2.086838722229004
                ],
                [
                    0.0,
                    0.0,
                    0.0,
                    1.0
                ]
            ]
        },
        {
            "file_path": "./train/r_96",
            "rotation": 0.012566370614359171,
            "transform_matrix": [
                [
                    -0.5146697163581848,
                    0.42225345969200134,
                    -0.746201753616333,
                    -3.008035659790039
                ],
                [
                    -0.8573886156082153,
                    -0.2534685730934143,
                    0.44792693853378296,
                    1.805651307106018
                ],
                [
                    0.0,
                    0.8703193664550781,
                    0.4924877882003784,
                    1.9852819442749023
                ],
                [
                    0.0,
                    0.0,
                    0.0,
                    1.0
                ]
            ]
        },
        {
            "file_path": "./train/r_97",
            "rotation": 0.012566370614359171,
            "transform_matrix": [
                [
                    -0.08526185154914856,
                    0.49009639024734497,
                    -0.8674882650375366,
                    -3.4969570636749268
                ],
                [
                    -0.9963586330413818,
                    -0.04193924367427826,
                    0.07423397898674011,
                    0.29924672842025757
                ],
                [
                    0.0,
                    0.8706587553024292,
                    0.49188753962516785,
                    1.982862114906311
                ],
                [
                    0.0,
                    0.0,
                    0.0,
                    1.0
                ]
            ]
        }
    ]
}