{
    "fl_x": 1074.452670937213,
    "fl_y": 1072.2149734095053,
    "cx": 1487.9938481094716,
    "cy": 998.8971959995184,
    "w": 3008,
    "h": 2000,
    "camera_model": "OPENCV_FISHEYE",
    "k1": 0.03060524881256097,
    "k2": 0.006503338324805288,
    "k3": 0.0001980286672716662,
    "k4": 0.0001619462046311063,
    "frames": [
        {
            "file_path": "images\\eval_frame_00167.jpg",
            "transform_matrix": [
                [
                    0.1869950645133667,
                    -0.8955363540084568,
                    -0.40379138734856895,
                    -1.550621266539025
                ],
                [
                    -0.7103326007687961,
                    0.1606668130009725,
                    -0.6852837160513514,
                    -2.102333554306148
                ],
                [
                    0.6785723558565294,
                    0.41497085903633135,
                    -0.6060847663635583,
                    -4.381099342508191
                ],
                [
                    0.0,
                    0.0,
                    0.0,
                    1.0
                ]
            ]
        },
        {
            "file_path": "images\\train_frame_00161.jpg",
            "transform_matrix": [
                [
                    0.12294081802668569,
                    -0.6420026842024527,
                    -0.7567814141083111,
                    -1.0275151940815594
                ],
                [
                    -0.7578137567625115,
                    0.4316443490836082,
                    -0.4892866909754217,
                    -1.3669750272435046
                ],
                [
                    0.6407837898421113,
                    0.6336526725115534,
                    -0.43345175659414187,
                    -3.351641852826432
                ],
                [
                    0.0,
                    0.0,
                    0.0,
                    1.0
                ]
            ]
        },
        {
            "file_path": "images\\eval_frame_00159.jpg",
            "transform_matrix": [
                [
                    0.07423398755101808,
                    0.03753588202779577,
                    -0.9965341803734936,
                    -2.867062899691113
                ],
                [
                    -0.8220401167768494,
                    0.5680341912465607,
                    -0.039839728718572255,
                    -0.6898108964110053
                ],
                [
                    0.564570067840812,
                    0.8221485359320789,
                    0.07302344392700133,
                    -2.717513965800905
                ],
                [
                    0.0,
                    0.0,
                    0.0,
                    1.0
                ]
            ]
        },
        {
            "file_path": "images\\train_frame_00153.jpg",
            "transform_matrix": [
                [
                    -0.36786679728135224,
                    -0.7064168280938327,
                    0.604689411552583,
                    1.0600601667842364
                ],
                [
                    0.49770494329183246,
                    0.39972106396888313,
                    0.7697485696267696,
                    3.4164871922265525
                ],
                [
                    -0.7854704379420235,
                    0.5841218503064515,
                    0.2045430397587096,
                    0.27775529479622424
                ],
                [
                    0.0,
                    0.0,
                    0.0,
                    1.0
                ]
            ]
        },
        {
            "file_path": "images\\eval_frame_00149.jpg",
            "transform_matrix": [
                [
                    -0.15076729847009238,
                    -0.9881058539614026,
                    -0.03026620358151056,
                    0.7097340866651726
                ],
                [
                    0.8994586477838187,
                    -0.14981586276852402,
                    0.41052326144790796,
                    1.7741088257431752
                ],
                [
                    -0.41017479522629696,
                    0.03467028454065726,
                    0.9113476881689749,
                    2.0659975627688065
                ],
                [
                    0.0,
                    0.0,
                    0.0,
                    1.0
                ]
            ]
        },
        {
            "file_path": "images\\train_frame_00145.jpg",
            "transform_matrix": [
                [
                    0.19203513604749545,
                    -0.327851428950033,
                    0.9250059173100684,
                    1.9402822793901378
                ],
                [
                    0.967234935949856,
                    0.22272496465800792,
                    -0.12186126864663317,
                    -1.0978892636451787
                ],
                [
                    -0.16606951918187068,
                    0.9180996844861187,
                    0.3598803747708282,
                    2.6757867880653414
                ],
                [
                    0.0,
                    0.0,
                    0.0,
                    1.0
                ]
            ]
        },
        {
            "file_path": "images\\eval_frame_00139.jpg",
            "transform_matrix": [
                [
                    0.14994472701687814,
                    -0.8263670327836938,
                    0.5428020872915904,
                    0.9123642524197164
                ],
                [
                    0.9860538948302071,
                    0.08489425834661601,
                    -0.1431456649359558,
                    0.004590143387286813
                ],
                [
                    0.07221007775935993,
                    0.55669604994831,
                    0.8275718776287265,
                    3.310023185614213
                ],
                [
                    0.0,
                    0.0,
                    0.0,
                    1.0
                ]
            ]
        },
        {
            "file_path": "images\\train_frame_00137.jpg",
            "transform_matrix": [
                [
                    -0.02384388623754701,
                    -0.8038862050460709,
                    0.5943050045437253,
                    0.3346947436125452
                ],
                [
                    0.9832517988267288,
                    0.08858611147902883,
                    0.15927460863875045,
                    1.928629902118275
                ],
                [
                    -0.1806858300838584,
                    0.5881491904182573,
                    0.7883103199992092,
                    3.9403223381962005
                ],
                [
                    0.0,
                    0.0,
                    0.0,
                    1.0
                ]
            ]
        },
        {
            "file_path": "images\\train_frame_00130.jpg",
            "transform_matrix": [
                [
                    0.25145418556576843,
                    -0.9662698790008708,
                    0.05561756464551826,
                    1.2374084367934401
                ],
                [
                    0.9172273535961012,
                    0.21955931415154858,
                    -0.3323968853409947,
                    -1.2491017604406278
                ],
                [
                    0.3089737438303599,
                    0.13459653972128677,
                    0.94149827249895,
                    2.9879639912525233
                ],
                [
                    0.0,
                    0.0,
                    0.0,
                    1.0
                ]
            ]
        },
        {
            "file_path": "images\\eval_frame_00129.jpg",
            "transform_matrix": [
                [
                    0.2711849032726668,
                    -0.9621349961284289,
                    0.027477217143338485,
                    1.220972600753283
                ],
                [
                    0.8936755720343856,
                    0.24108112822212519,
                    -0.3784492853265294,
                    -1.9804251312639007
                ],
                [
                    0.3574950631631268,
                    0.12718545058337088,
                    0.9252141054771577,
                    3.3221577336810997
                ],
                [
                    0.0,
                    0.0,
                    0.0,
                    1.0
                ]
            ]
        },
        {
            "file_path": "images\\train_frame_00054.jpg",
            "transform_matrix": [
                [
                    -0.18405402836279153,
                    -0.3776487553257112,
                    -0.9074720559027529,
                    -2.399090971610111
                ],
                [
                    -0.9744708689495016,
                    0.1908744188797774,
                    0.11820948264039428,
                    1.2865219917089525
                ],
                [
                    0.1285715373332338,
                    0.906062014333593,
                    -0.403138916466173,
                    -3.0821462475885846
                ],
                [
                    0.0,
                    0.0,
                    0.0,
                    1.0
                ]
            ]
        },
        {
            "file_path": "images\\eval_frame_00051.jpg",
            "transform_matrix": [
                [
                    -0.2192770288528695,
                    -0.74372065061151,
                    -0.6315039021822826,
                    0.2431838288146855
                ],
                [
                    -0.9722993447581108,
                    0.2202695378645114,
                    0.07820047871913988,
                    0.7304797731303245
                ],
                [
                    0.08094176178219674,
                    0.6311583989324286,
                    -0.7714191510823718,
                    -4.331820950386868
                ],
                [
                    0.0,
                    0.0,
                    0.0,
                    1.0
                ]
            ]
        },
        {
            "file_path": "images\\train_frame_00046.jpg",
            "transform_matrix": [
                [
                    -0.3804698792795795,
                    -0.3664457307920803,
                    -0.849093750621944,
                    -3.1578281584529533
                ],
                [
                    -0.9142293492194126,
                    0.010657583565759311,
                    0.40505692555292455,
                    2.4885428731934307
                ],
                [
                    -0.1393820934942173,
                    0.9303783866238494,
                    -0.33907033151895183,
                    -1.5617246210934794
                ],
                [
                    0.0,
                    0.0,
                    0.0,
                    1.0
                ]
            ]
        },
        {
            "file_path": "images\\eval_frame_00041.jpg",
            "transform_matrix": [
                [
                    -0.5585151952340299,
                    -0.7000537770273415,
                    -0.4449555999899843,
                    -0.5157357969743197
                ],
                [
                    -0.3319776662862664,
                    -0.30293796387328775,
                    0.8933193265184801,
                    3.751742197626247
                ],
                [
                    -0.7601655120957659,
                    0.6466477397424815,
                    -0.0632067631359343,
                    -1.8706240401732355
                ],
                [
                    0.0,
                    0.0,
                    0.0,
                    1.0
                ]
            ]
        },
        {
            "file_path": "images\\train_frame_00038.jpg",
            "transform_matrix": [
                [
                    -0.5405933808494445,
                    -0.8094204412702242,
                    -0.22934111239741256,
                    1.5743340671785344
                ],
                [
                    -0.2591291311763122,
                    -0.09914958377987736,
                    0.9607400550680116,
                    3.3747102772794038
                ],
                [
                    -0.8003817151569472,
                    0.5787986776852487,
                    -0.1561448069973212,
                    -2.794786222240357
                ],
                [
                    0.0,
                    0.0,
                    0.0,
                    1.0
                ]
            ]
        },
        {
            "file_path": "images\\eval_frame_00031.jpg",
            "transform_matrix": [
                [
                    -0.4901283329409009,
                    -0.788797535806762,
                    -0.37090789254713014,
                    -1.4381452785212345
                ],
                [
                    0.3560303743014303,
                    -0.5695752899309884,
                    0.7408281593425117,
                    3.8425237027611785
                ],
                [
                    -0.7956233969808558,
                    0.231046394919312,
                    0.5600008692595331,
                    0.9266309692396067
                ],
                [
                    0.0,
                    0.0,
                    0.0,
                    1.0
                ]
            ]
        },
        {
            "file_path": "images\\train_frame_00030.jpg",
            "transform_matrix": [
                [
                    -0.4151260996535848,
                    -0.8399786620915933,
                    -0.34943693081473054,
                    -0.9340689524105696
                ],
                [
                    0.5274231255671059,
                    -0.5351663431574767,
                    0.6598650102623099,
                    3.7722133760357255
                ],
                [
                    -0.7412794129094821,
                    0.08962606976918386,
                    0.6651856880708594,
                    1.1576917734431664
                ],
                [
                    0.0,
                    0.0,
                    0.0,
                    1.0
                ]
            ]
        },
        {
            "file_path": "images\\train_frame_00007.jpg",
            "transform_matrix": [
                [
                    0.26702445245053447,
                    -0.9628073264110241,
                    -0.04123098352874491,
                    -0.9200340530314313
                ],
                [
                    0.9293842896536265,
                    0.2685970626590342,
                    -0.2531806866172125,
                    -1.3308862767156902
                ],
                [
                    0.2548387410471897,
                    0.029286005876428583,
                    0.9665399867161675,
                    4.918841795648481
                ],
                [
                    0.0,
                    0.0,
                    0.0,
                    1.0
                ]
            ]
        },
        {
            "file_path": "images\\eval_frame_00005.jpg",
            "transform_matrix": [
                [
                    0.39939362837405795,
                    -0.8876960614327583,
                    -0.22908608017724172,
                    -0.4228082937861213
                ],
                [
                    0.7750463676459565,
                    0.46040603859324536,
                    -0.4328156739602714,
                    -2.447115147487925
                ],
                [
                    0.48968138377215614,
                    -0.004688511879465466,
                    0.871888846266164,
                    3.851031419413009
                ],
                [
                    0.0,
                    0.0,
                    0.0,
                    1.0
                ]
            ]
        },
        {
            "file_path": "images\\train_frame_00015.jpg",
            "transform_matrix": [
                [
                    0.021813335509569935,
                    -0.9747759877121224,
                    0.222116978580664,
                    3.408688419148126
                ],
                [
                    0.9950928732478724,
                    0.04261575978334152,
                    0.08929765186936565,
                    0.811421317130558
                ],
                [
                    -0.09651089060432937,
                    0.21907914277252585,
                    0.9709222302516378,
                    2.6441729084172287
                ],
                [
                    0.0,
                    0.0,
                    0.0,
                    1.0
                ]
            ]
        },
        {
            "file_path": "images\\eval_frame_00019.jpg",
            "transform_matrix": [
                [
                    -0.15425302803383698,
                    -0.9480863756783292,
                    -0.27809751454394954,
                    0.11488335587627932
                ],
                [
                    0.9192093910682341,
                    -0.24091659699938864,
                    0.3114695629787929,
                    2.5346189912360924
                ],
                [
                    -0.3622983559365932,
                    -0.20758472377167855,
                    0.9086520146581294,
                    2.8677266621426547
                ],
                [
                    0.0,
                    0.0,
                    0.0,
                    1.0
                ]
            ]
        },
        {
            "file_path": "images\\train_frame_00023.jpg",
            "transform_matrix": [
                [
                    -0.22883648537494164,
                    -0.9669051778084004,
                    0.11281950225271195,
                    2.6458975964108196
                ],
                [
                    0.7496627334326716,
                    -0.10110653262015176,
                    0.6540514162998081,
                    2.437106581432943
                ],
                [
                    -0.620998912288499,
                    0.23424740380383252,
                    0.7479896421392913,
                    0.17568978562289592
                ],
                [
                    0.0,
                    0.0,
                    0.0,
                    1.0
                ]
            ]
        },
        {
            "file_path": "images\\eval_frame_00029.jpg",
            "transform_matrix": [
                [
                    -0.28754262511919226,
                    -0.9228911420163953,
                    -0.25610774827645777,
                    0.06892164319278024
                ],
                [
                    0.6859195261582713,
                    -0.3850563948866529,
                    0.6174511935300689,
                    3.400364284933663
                ],
                [
                    -0.6684561633902228,
                    0.001874231727364692,
                    0.743749181432192,
                    1.168497574954624
                ],
                [
                    0.0,
                    0.0,
                    0.0,
                    1.0
                ]
            ]
        },
        {
            "file_path": "images\\train_frame_00061.jpg",
            "transform_matrix": [
                [
                    0.22139112227189336,
                    -0.6491485070088446,
                    -0.7277308477915302,
                    -1.8985114203040483
                ],
                [
                    -0.6019422638612301,
                    0.4961513063009387,
                    -0.6256991227686743,
                    -1.204109692143621
                ],
                [
                    0.7672362621492861,
                    0.5765761849955823,
                    -0.2809064273724106,
                    -2.747847192643053
                ],
                [
                    0.0,
                    0.0,
                    0.0,
                    1.0
                ]
            ]
        },
        {
            "file_path": "images\\train_frame_00068.jpg",
            "transform_matrix": [
                [
                    0.39506158285562976,
                    -0.3863233269670419,
                    -0.8334750342948012,
                    -4.193116224176387
                ],
                [
                    -0.22052735352362557,
                    0.8408668013383039,
                    -0.49427796709438204,
                    -1.766581360656607
                ],
                [
                    0.8917925947772106,
                    0.3790742795920152,
                    0.24699930860697675,
                    -0.21457999364211675
                ],
                [
                    0.0,
                    0.0,
                    0.0,
                    1.0
                ]
            ]
        },
        {
            "file_path": "images\\eval_frame_00069.jpg",
            "transform_matrix": [
                [
                    0.418762169601362,
                    -0.45139657532777605,
                    -0.7879589945505512,
                    -4.101293659265697
                ],
                [
                    -0.07694273496301929,
                    0.8469470620447204,
                    -0.526080307206254,
                    -1.573954849841631
                ],
                [
                    0.9048304044665886,
                    0.28093025090967233,
                    0.319937702180687,
                    0.3021246509759042
                ],
                [
                    0.0,
                    0.0,
                    0.0,
                    1.0
                ]
            ]
        },
        {
            "file_path": "images\\train_frame_00076.jpg",
            "transform_matrix": [
                [
                    0.4984514099032439,
                    -0.843525474802381,
                    -0.20002741143374847,
                    1.1677913078394722
                ],
                [
                    0.24074716453101008,
                    0.35634572248891305,
                    -0.9028059198045464,
                    -2.8576341679393136
                ],
                [
                    0.8328187046024765,
                    0.4018488514644184,
                    0.380697394055936,
                    -1.304681525119838
                ],
                [
                    0.0,
                    0.0,
                    0.0,
                    1.0
                ]
            ]
        },
        {
            "file_path": "images\\eval_frame_00079.jpg",
            "transform_matrix": [
                [
                    0.5200925793696886,
                    -0.5778731473879258,
                    -0.6289406445862412,
                    -2.4409413287064905
                ],
                [
                    0.28771409532382336,
                    0.8118678607215399,
                    -0.5080267474055125,
                    -2.0770102053711335
                ],
                [
                    0.8041917111215322,
                    0.08326585287741353,
                    0.5885086996026642,
                    1.2044099000089008
                ],
                [
                    0.0,
                    0.0,
                    0.0,
                    1.0
                ]
            ]
        },
        {
            "file_path": "images\\train_frame_00084.jpg",
            "transform_matrix": [
                [
                    0.37075794367875947,
                    -0.9244105757940206,
                    -0.08946303459678379,
                    0.8144982247759575
                ],
                [
                    0.8541508601160208,
                    0.37722073561993114,
                    -0.35795366289705705,
                    -1.2044021750256129
                ],
                [
                    0.3646434633476373,
                    0.05629923603856059,
                    0.9294436726662431,
                    1.929496819595461
                ],
                [
                    0.0,
                    0.0,
                    0.0,
                    1.0
                ]
            ]
        },
        {
            "file_path": "images\\eval_frame_00089.jpg",
            "transform_matrix": [
                [
                    -0.0052330973373058256,
                    -0.9992645514501342,
                    0.03798645689480433,
                    1.344076317872102
                ],
                [
                    0.9773462692385094,
                    0.0029265387858532096,
                    0.21162633431664937,
                    1.3839144609158773
                ],
                [
                    -0.2115818628754025,
                    0.03823338313434271,
                    0.976612166479753,
                    2.9489778379246565
                ],
                [
                    0.0,
                    0.0,
                    0.0,
                    1.0
                ]
            ]
        },
        {
            "file_path": "images\\train_frame_00092.jpg",
            "transform_matrix": [
                [
                    -0.2928805293764796,
                    -0.950328929821281,
                    0.10533717604384253,
                    1.1654055723331118
                ],
                [
                    0.7418685537619395,
                    -0.15635917362082513,
                    0.6520604709409863,
                    2.251571005524445
                ],
                [
                    -0.6032014957303415,
                    0.269122154363685,
                    0.7508137063075816,
                    0.8033551042028261
                ],
                [
                    0.0,
                    0.0,
                    0.0,
                    1.0
                ]
            ]
        },
        {
            "file_path": "images\\eval_frame_00099.jpg",
            "transform_matrix": [
                [
                    -0.5831655400981741,
                    -0.7360350836845836,
                    -0.3437590848653061,
                    -0.28886257116642794
                ],
                [
                    -0.1929805906875306,
                    -0.28553043832652675,
                    0.9387389735208362,
                    3.432616880211316
                ],
                [
                    -0.7890985011137054,
                    0.6137790517559959,
                    0.02447102706496045,
                    -1.7620775619145062
                ],
                [
                    0.0,
                    0.0,
                    0.0,
                    1.0
                ]
            ]
        },
        {
            "file_path": "images\\train_frame_00100.jpg",
            "transform_matrix": [
                [
                    -0.5717935761296598,
                    -0.7107871558892273,
                    -0.4096751460849901,
                    -0.3392493129800827
                ],
                [
                    -0.36512605379833896,
                    -0.2266969255940612,
                    0.9029349194509271,
                    2.9224728596925895
                ],
                [
                    -0.7346666394593583,
                    0.6658754560344627,
                    -0.12990306353735057,
                    -1.9834261758722016
                ],
                [
                    0.0,
                    0.0,
                    0.0,
                    1.0
                ]
            ]
        },
        {
            "file_path": "images\\train_frame_00107.jpg",
            "transform_matrix": [
                [
                    -0.3122749423219304,
                    -0.4907017305797441,
                    -0.8134470923200101,
                    -2.1521413149326385
                ],
                [
                    -0.9497939813521672,
                    0.14379467151625305,
                    0.2778749456693255,
                    1.3203431669239027
                ],
                [
                    -0.019384359288683307,
                    0.8593805350655651,
                    -0.5109690230976721,
                    -3.4207991000159015
                ],
                [
                    0.0,
                    0.0,
                    0.0,
                    1.0
                ]
            ]
        },
        {
            "file_path": "images\\eval_frame_00109.jpg",
            "transform_matrix": [
                [
                    -0.12826732468876648,
                    -0.47883754493744274,
                    -0.8684826417237531,
                    -1.4329140055854037
                ],
                [
                    -0.9612323587927618,
                    0.2755595600485468,
                    -0.009963998973994892,
                    0.7937881229384536
                ],
                [
                    0.24408983146966406,
                    0.8335355627830966,
                    -0.49561943035859357,
                    -2.9644108025676164
                ],
                [
                    0.0,
                    0.0,
                    0.0,
                    1.0
                ]
            ]
        },
        {
            "file_path": "images\\train_frame_00115.jpg",
            "transform_matrix": [
                [
                    0.29835976309398965,
                    -0.58456214141016,
                    -0.7544988764713081,
                    -3.3428510824873117
                ],
                [
                    -0.4800460026116297,
                    0.5913366559057115,
                    -0.6479790079615582,
                    -3.840601905793669
                ],
                [
                    0.8249468389799994,
                    0.5555250329303064,
                    -0.10418565469722127,
                    -3.528748522910776
                ],
                [
                    0.0,
                    0.0,
                    0.0,
                    1.0
                ]
            ]
        },
        {
            "file_path": "images\\eval_frame_00119.jpg",
            "transform_matrix": [
                [
                    0.37868750225605013,
                    -0.7032065320652723,
                    -0.6017444215743154,
                    -1.4054940074891746
                ],
                [
                    -0.11598070384709065,
                    0.6089849737380599,
                    -0.7846564713913903,
                    -1.9784654269077762
                ],
                [
                    0.9182288668791716,
                    0.366930340830501,
                    0.14905661007753032,
                    -1.3396050476183161
                ],
                [
                    0.0,
                    0.0,
                    0.0,
                    1.0
                ]
            ]
        },
        {
            "file_path": "images\\train_frame_00123.jpg",
            "transform_matrix": [
                [
                    0.4717013669928715,
                    -0.8312642721156335,
                    -0.2941046247190318,
                    -0.8287631879262847
                ],
                [
                    0.4592163308195593,
                    0.5163320848994741,
                    -0.7228565138476539,
                    -2.8343298341291883
                ],
                [
                    0.7527404478873693,
                    0.2059147590811025,
                    0.6252846792516943,
                    0.3606533226800917
                ],
                [
                    0.0,
                    0.0,
                    0.0,
                    1.0
                ]
            ]
        }
    ]
}