{
    "fl_x": 1074.452670937213,
    "fl_y": 1072.2149734095053,
    "cx": 1487.9938481094716,
    "cy": 998.8971959995184,
    "w": 3008,
    "h": 2000,
    "camera_model": "OPENCV_FISHEYE",
    "k1": 0.03060524881256097,
    "k2": 0.006503338324805288,
    "k3": 0.0001980286672716662,
    "k4": 0.0001619462046311063,
    "frames": [
        {
            "file_path": "images\\eval_frame_00168.jpg",
            "transform_matrix": [
                [
                    0.28049074100259197,
                    -0.4787078733098414,
                    -0.8319637709918537,
                    -0.8752680149991012
                ],
                [
                    -0.6986386390486498,
                    0.49254204260263384,
                    -0.5189473849024343,
                    -2.108662861250041
                ],
                [
                    0.6582013341220656,
                    0.7268019732361726,
                    -0.19629033460651804,
                    -4.434933014911396
                ],
                [
                    0.0,
                    0.0,
                    0.0,
                    1.0
                ]
            ]
        },
        {
            "file_path": "images\\eval_frame_00158.jpg",
            "transform_matrix": [
                [
                    -0.5211515482158536,
                    -0.8459154155324237,
                    -0.11326152725804857,
                    0.9959581010557701
                ],
                [
                    0.37827789503729087,
                    -0.34790584751790227,
                    0.8578271127616603,
                    3.7899660485186755
                ],
                [
                    -0.7650535261786428,
                    0.4042135957973916,
                    0.5013027738345041,
                    -0.13253627359338313
                ],
                [
                    0.0,
                    0.0,
                    0.0,
                    1.0
                ]
            ]
        },
        {
            "file_path": "images\\eval_frame_00148.jpg",
            "transform_matrix": [
                [
                    -0.011752882349240651,
                    -0.992610497768983,
                    0.12077362905575363,
                    1.1296050642467774
                ],
                [
                    0.9664269809959773,
                    0.019727621034605083,
                    0.2561829646391733,
                    0.4580266594045301
                ],
                [
                    -0.2566724764354094,
                    0.11972978195556391,
                    0.9590537102547422,
                    2.2946000589417452
                ],
                [
                    0.0,
                    0.0,
                    0.0,
                    1.0
                ]
            ]
        },
        {
            "file_path": "images\\eval_frame_00138.jpg",
            "transform_matrix": [
                [
                    0.050155717064777096,
                    -0.7655390963661837,
                    0.6414314429310155,
                    0.3741919845957994
                ],
                [
                    0.9986809360170855,
                    0.04550968049950269,
                    -0.023775134423830828,
                    1.0123896597928592
                ],
                [
                    -0.010990545107321519,
                    0.6417778127324751,
                    0.7668118719754955,
                    3.7057405042454956
                ],
                [
                    0.0,
                    0.0,
                    0.0,
                    1.0
                ]
            ]
        },
        {
            "file_path": "images\\train_frame_00134.jpg",
            "transform_matrix": [
                [
                    0.011694570552760531,
                    -0.9966944205755663,
                    0.0803957027030837,
                    1.5385243319780424
                ],
                [
                    0.9908813801741639,
                    0.02234408895388799,
                    0.13287148720837133,
                    0.9919076027938755
                ],
                [
                    -0.1342286386868695,
                    0.07810872987289483,
                    0.9878672475965143,
                    3.495641158942327
                ],
                [
                    0.0,
                    0.0,
                    0.0,
                    1.0
                ]
            ]
        },
        {
            "file_path": "images\\eval_frame_00128.jpg",
            "transform_matrix": [
                [
                    0.3230041887297074,
                    -0.9452915176669495,
                    -0.0457410175879261,
                    1.1962161293449318
                ],
                [
                    0.8492064718544959,
                    0.31082852983478376,
                    -0.4268887363250362,
                    -2.7577973838929153
                ],
                [
                    0.4177519146856217,
                    0.09904328178964111,
                    0.903146591705264,
                    3.578781282078476
                ],
                [
                    0.0,
                    0.0,
                    0.0,
                    1.0
                ]
            ]
        },
        {
            "file_path": "images\\eval_frame_00050.jpg",
            "transform_matrix": [
                [
                    -0.19881306231890167,
                    -0.7110372207438997,
                    -0.6744623317637325,
                    -0.35549466433823307
                ],
                [
                    -0.976236118717673,
                    0.20423901431430935,
                    0.07245319553320537,
                    0.8498590141302353
                ],
                [
                    0.08623460304561074,
                    0.6728391306610444,
                    -0.7347456005236479,
                    -3.9010215206703323
                ],
                [
                    0.0,
                    0.0,
                    0.0,
                    1.0
                ]
            ]
        },
        {
            "file_path": "images\\eval_frame_00040.jpg",
            "transform_matrix": [
                [
                    -0.5645714291564157,
                    -0.7694487653116248,
                    -0.2986765791633122,
                    0.946836799766623
                ],
                [
                    -0.30074311160995526,
                    -0.14521689515608713,
                    0.9425845501494218,
                    3.5029576239433906
                ],
                [
                    -0.7686434037962234,
                    0.621981230361208,
                    -0.14942110586832677,
                    -2.604045203993824
                ],
                [
                    0.0,
                    0.0,
                    0.0,
                    1.0
                ]
            ]
        },
        {
            "file_path": "images\\eval_frame_00030.jpg",
            "transform_matrix": [
                [
                    -0.4151260996535848,
                    -0.8399786620915933,
                    -0.34943693081473054,
                    -0.9340689524105696
                ],
                [
                    0.5274231255671059,
                    -0.5351663431574767,
                    0.6598650102623099,
                    3.7722133760357255
                ],
                [
                    -0.7412794129094821,
                    0.08962606976918386,
                    0.6651856880708594,
                    1.1576917734431664
                ],
                [
                    0.0,
                    0.0,
                    0.0,
                    1.0
                ]
            ]
        },
        {
            "file_path": "images\\eval_frame_00004.jpg",
            "transform_matrix": [
                [
                    0.4141326787281254,
                    -0.8998356305998058,
                    -0.13707648344087672,
                    1.039748417703085
                ],
                [
                    0.7057027883036064,
                    0.41253461902408006,
                    -0.5760197589381568,
                    -2.948390826160483
                ],
                [
                    0.5748718978955072,
                    0.14181334919430807,
                    0.8058605803737461,
                    2.9475688362364028
                ],
                [
                    0.0,
                    0.0,
                    0.0,
                    1.0
                ]
            ]
        },
        {
            "file_path": "images\\eval_frame_00020.jpg",
            "transform_matrix": [
                [
                    -0.18394662623769106,
                    -0.9730791535716155,
                    -0.13885459869993408,
                    0.35459773715178816
                ],
                [
                    0.8622978829509959,
                    -0.22755966217038182,
                    0.4523924858031268,
                    2.812574375396124
                ],
                [
                    -0.4718114027384265,
                    -0.03651795499819556,
                    0.8809429261925815,
                    2.3877311445260365
                ],
                [
                    0.0,
                    0.0,
                    0.0,
                    1.0
                ]
            ]
        },
        {
            "file_path": "images\\train_frame_00021.jpg",
            "transform_matrix": [
                [
                    -0.21486559248224094,
                    -0.9762573815417137,
                    -0.027464561758248462,
                    0.9064880613897662
                ],
                [
                    0.8224883650024292,
                    -0.19604314828580077,
                    0.5339288093424277,
                    2.7397838398209267
                ],
                [
                    -0.5266361804917001,
                    0.09213364746664822,
                    0.845083264774309,
                    1.624321206190717
                ],
                [
                    0.0,
                    0.0,
                    0.0,
                    1.0
                ]
            ]
        },
        {
            "file_path": "images\\eval_frame_00060.jpg",
            "transform_matrix": [
                [
                    0.192409568212097,
                    -0.49784696847277354,
                    -0.8456517924316743,
                    -3.307103752812629
                ],
                [
                    -0.6536530715264418,
                    0.5777294618952475,
                    -0.4888418260974358,
                    -0.7694938147690679
                ],
                [
                    0.731926376177606,
                    0.6468207362482254,
                    -0.21425852378568408,
                    -2.259375653278128
                ],
                [
                    0.0,
                    0.0,
                    0.0,
                    1.0
                ]
            ]
        },
        {
            "file_path": "images\\eval_frame_00070.jpg",
            "transform_matrix": [
                [
                    0.47799115449732577,
                    -0.6248877516710547,
                    -0.6172841760759851,
                    -3.5869281378504128
                ],
                [
                    0.11778042013794315,
                    0.7420166059449862,
                    -0.6599538840964669,
                    -1.577320061444207
                ],
                [
                    0.8704322080750707,
                    0.24274812937153084,
                    0.4282769160627027,
                    0.694954901167596
                ],
                [
                    0.0,
                    0.0,
                    0.0,
                    1.0
                ]
            ]
        },
        {
            "file_path": "images\\eval_frame_00080.jpg",
            "transform_matrix": [
                [
                    0.50008041581722,
                    -0.6207501227151422,
                    -0.603811943294609,
                    -2.520950273643985
                ],
                [
                    0.3864556498208411,
                    0.783949320993894,
                    -0.4858760056174451,
                    -1.8650591358681456
                ],
                [
                    0.7749655530651848,
                    0.009630538009278993,
                    0.631930094472501,
                    1.7102062208858144
                ],
                [
                    0.0,
                    0.0,
                    0.0,
                    1.0
                ]
            ]
        },
        {
            "file_path": "images\\train_frame_00086.jpg",
            "transform_matrix": [
                [
                    0.25560222080320244,
                    -0.9665051267970675,
                    0.02313751489368554,
                    1.1877669510904538
                ],
                [
                    0.9630425495035888,
                    0.25243770291600603,
                    -0.0939375004570481,
                    -0.18441606982858622
                ],
                [
                    0.08495029467929202,
                    0.04629304506591553,
                    0.9953091988987276,
                    3.2943128057588202
                ],
                [
                    0.0,
                    0.0,
                    0.0,
                    1.0
                ]
            ]
        },
        {
            "file_path": "images\\train_frame_00089.jpg",
            "transform_matrix": [
                [
                    -0.0052330973373058256,
                    -0.9992645514501342,
                    0.03798645689480433,
                    1.344076317872102
                ],
                [
                    0.9773462692385094,
                    0.0029265387858532096,
                    0.21162633431664937,
                    1.3839144609158773
                ],
                [
                    -0.2115818628754025,
                    0.03823338313434271,
                    0.976612166479753,
                    2.9489778379246565
                ],
                [
                    0.0,
                    0.0,
                    0.0,
                    1.0
                ]
            ]
        },
        {
            "file_path": "images\\eval_frame_00090.jpg",
            "transform_matrix": [
                [
                    -0.10429126614755235,
                    -0.9915726725994818,
                    0.0768567938393314,
                    1.3820780549254716
                ],
                [
                    0.9379977911597751,
                    -0.07238047423817151,
                    0.3390003108087665,
                    1.602700944233414
                ],
                [
                    -0.33058051301418745,
                    0.10744627449557512,
                    0.937641627975368,
                    2.2587049190427364
                ],
                [
                    0.0,
                    0.0,
                    0.0,
                    1.0
                ]
            ]
        },
        {
            "file_path": "images\\train_frame_00096.jpg",
            "transform_matrix": [
                [
                    -0.5210415541362261,
                    -0.8306684585623848,
                    -0.19622846585777937,
                    0.12205811219174295
                ],
                [
                    0.12031760673709069,
                    -0.29908720044087184,
                    0.946610014758718,
                    4.537812517351968
                ],
                [
                    -0.8450085043195508,
                    0.4696134138650995,
                    0.2557809006661792,
                    -0.39577788858000884
                ],
                [
                    0.0,
                    0.0,
                    0.0,
                    1.0
                ]
            ]
        },
        {
            "file_path": "images\\train_frame_00097.jpg",
            "transform_matrix": [
                [
                    -0.5531503707744299,
                    -0.7932469702449888,
                    -0.2545268384851715,
                    -0.033149519384764466
                ],
                [
                    0.010781406940850691,
                    -0.31231532966902065,
                    0.9499173101476285,
                    4.680434836463641
                ],
                [
                    -0.8330116617289854,
                    0.5227029548901333,
                    0.18130965879576527,
                    -0.8796893627915281
                ],
                [
                    0.0,
                    0.0,
                    0.0,
                    1.0
                ]
            ]
        },
        {
            "file_path": "images\\eval_frame_00100.jpg",
            "transform_matrix": [
                [
                    -0.5717935761296598,
                    -0.7107871558892273,
                    -0.4096751460849901,
                    -0.3392493129800827
                ],
                [
                    -0.36512605379833896,
                    -0.2266969255940612,
                    0.9029349194509271,
                    2.9224728596925895
                ],
                [
                    -0.7346666394593583,
                    0.6658754560344627,
                    -0.12990306353735057,
                    -1.9834261758722016
                ],
                [
                    0.0,
                    0.0,
                    0.0,
                    1.0
                ]
            ]
        },
        {
            "file_path": "images\\train_frame_00102.jpg",
            "transform_matrix": [
                [
                    -0.5339775871131073,
                    -0.6145176736705268,
                    -0.5807202125011907,
                    -1.2832331823125693
                ],
                [
                    -0.6549675929384433,
                    -0.1337040672930076,
                    0.7437342768689158,
                    3.2366216835574155
                ],
                [
                    -0.5346825120211864,
                    0.7774903543683813,
                    -0.3310941863017882,
                    -2.688364851507417
                ],
                [
                    0.0,
                    0.0,
                    0.0,
                    1.0
                ]
            ]
        },
        {
            "file_path": "images\\train_frame_00103.jpg",
            "transform_matrix": [
                [
                    -0.5299788366293434,
                    -0.5557236075945519,
                    -0.6405417275143782,
                    -1.7637114488299104
                ],
                [
                    -0.7138001827232682,
                    -0.115462861563427,
                    0.6907659710378139,
                    3.339379978491713
                ],
                [
                    -0.4578337382382788,
                    0.8233101478554004,
                    -0.33548273959934527,
                    -3.3682112729433613
                ],
                [
                    0.0,
                    0.0,
                    0.0,
                    1.0
                ]
            ]
        },
        {
            "file_path": "images\\train_frame_00107.jpg",
            "transform_matrix": [
                [
                    -0.3122749423219304,
                    -0.4907017305797441,
                    -0.8134470923200101,
                    -2.1521413149326385
                ],
                [
                    -0.9497939813521672,
                    0.14379467151625305,
                    0.2778749456693255,
                    1.3203431669239027
                ],
                [
                    -0.019384359288683307,
                    0.8593805350655651,
                    -0.5109690230976721,
                    -3.4207991000159015
                ],
                [
                    0.0,
                    0.0,
                    0.0,
                    1.0
                ]
            ]
        },
        {
            "file_path": "images\\eval_frame_00110.jpg",
            "transform_matrix": [
                [
                    -0.00338807013840678,
                    -0.48801620992431216,
                    -0.8728279898306693,
                    -1.7668621626178724
                ],
                [
                    -0.9174415597852684,
                    0.3487809038216748,
                    -0.1914493810596132,
                    0.26509718819522526
                ],
                [
                    0.3978561365110643,
                    0.8001200284835052,
                    -0.44890804699854076,
                    -3.015058020132481
                ],
                [
                    0.0,
                    0.0,
                    0.0,
                    1.0
                ]
            ]
        },
        {
            "file_path": "images\\train_frame_00114.jpg",
            "transform_matrix": [
                [
                    0.27175205228488875,
                    -0.5965635423968808,
                    -0.7551574418370223,
                    -3.4394449200572117
                ],
                [
                    -0.5729673162801046,
                    0.5301620885002498,
                    -0.6250092914443972,
                    -3.0070900635057685
                ],
                [
                    0.7732136034458559,
                    0.6025280904654471,
                    -0.19773877628410744,
                    -4.0094311898301855
                ],
                [
                    0.0,
                    0.0,
                    0.0,
                    1.0
                ]
            ]
        },
        {
            "file_path": "images\\train_frame_00115.jpg",
            "transform_matrix": [
                [
                    0.29835976309398965,
                    -0.58456214141016,
                    -0.7544988764713081,
                    -3.3428510824873117
                ],
                [
                    -0.4800460026116297,
                    0.5913366559057115,
                    -0.6479790079615582,
                    -3.840601905793669
                ],
                [
                    0.8249468389799994,
                    0.5555250329303064,
                    -0.10418565469722127,
                    -3.528748522910776
                ],
                [
                    0.0,
                    0.0,
                    0.0,
                    1.0
                ]
            ]
        },
        {
            "file_path": "images\\train_frame_00116.jpg",
            "transform_matrix": [
                [
                    0.3289300574606028,
                    -0.5987555941711098,
                    -0.7302716999499337,
                    -3.10202180635082
                ],
                [
                    -0.3794338630132374,
                    0.6243420179925223,
                    -0.6828081635187705,
                    -4.158366736433668
                ],
                [
                    0.8647745144821369,
                    0.5016859406220453,
                    -0.02182329224378125,
                    -2.9430397459279187
                ],
                [
                    0.0,
                    0.0,
                    0.0,
                    1.0
                ]
            ]
        },
        {
            "file_path": "images\\train_frame_00117.jpg",
            "transform_matrix": [
                [
                    0.3521389160388341,
                    -0.6381979917848077,
                    -0.6846177817533178,
                    -2.5946103649598924
                ],
                [
                    -0.32068853916013534,
                    0.6049216077632693,
                    -0.7288543814181534,
                    -3.5821728150970227
                ],
                [
                    0.8792934917661637,
                    0.4762070681362676,
                    0.008353657565824617,
                    -2.3372993358663714
                ],
                [
                    0.0,
                    0.0,
                    0.0,
                    1.0
                ]
            ]
        },
        {
            "file_path": "images\\eval_frame_00120.jpg",
            "transform_matrix": [
                [
                    0.40699201753435377,
                    -0.7479582037033637,
                    -0.5243243492115864,
                    -0.9357192302949299
                ],
                [
                    0.06598661920104365,
                    0.5965912000972181,
                    -0.7998279227765039,
                    -1.6462437465256774
                ],
                [
                    0.9110451491280399,
                    0.2909251888018608,
                    0.2921630893368786,
                    -0.9407514641007448
                ],
                [
                    0.0,
                    0.0,
                    0.0,
                    1.0
                ]
            ]
        },
        {
            "file_path": "images\\train_frame_00124.jpg",
            "transform_matrix": [
                [
                    0.45239039090868427,
                    -0.8601937307094537,
                    -0.2353926079163056,
                    -0.6830618143462578
                ],
                [
                    0.5525464495941941,
                    0.477530566490627,
                    -0.6831229604602613,
                    -3.326844893695898
                ],
                [
                    0.7000252532975783,
                    0.17897291335644255,
                    0.6913272315122331,
                    1.118827818829562
                ],
                [
                    0.0,
                    0.0,
                    0.0,
                    1.0
                ]
            ]
        },
        {
            "file_path": "images\\train_frame_00125.jpg",
            "transform_matrix": [
                [
                    0.4260516842731771,
                    -0.8925485443433446,
                    -0.14777367261648963,
                    -0.21744985678340067
                ],
                [
                    0.671728753072638,
                    0.42150492501830494,
                    -0.6091913332285613,
                    -3.6172541903489512
                ],
                [
                    0.6060201684956268,
                    0.160283168723012,
                    0.7791334039820412,
                    2.1066647157109437
                ],
                [
                    0.0,
                    0.0,
                    0.0,
                    1.0
                ]
            ]
        },
        {
            "file_path": "images\\train_frame_00126.jpg",
            "transform_matrix": [
                [
                    0.3510964039481202,
                    -0.9290836106987806,
                    -0.11633984470341736,
                    0.45600902725913556
                ],
                [
                    0.7947895153725975,
                    0.36139781197168536,
                    -0.48754614936010937,
                    -3.786262183138953
                ],
                [
                    0.4950161021507181,
                    0.0787100110087352,
                    0.8653113848658844,
                    3.1606791366108022
                ],
                [
                    0.0,
                    0.0,
                    0.0,
                    1.0
                ]
            ]
        }
    ]
}