{
    "fl_x": 1074.452670937213,
    "fl_y": 1072.2149734095053,
    "cx": 1487.9938481094716,
    "cy": 998.8971959995184,
    "w": 3008,
    "h": 2000,
    "camera_model": "OPENCV_FISHEYE",
    "k1": 0.03060524881256097,
    "k2": 0.006503338324805288,
    "k3": 0.0001980286672716662,
    "k4": 0.0001619462046311063,
    "frames": [
        {
            "file_path": "images\\eval_frame_00168.jpg",
            "transform_matrix": [
                [
                    0.28049074100259197,
                    -0.4787078733098414,
                    -0.8319637709918537,
                    -0.8752680149991012
                ],
                [
                    -0.6986386390486498,
                    0.49254204260263384,
                    -0.5189473849024343,
                    -2.108662861250041
                ],
                [
                    0.6582013341220656,
                    0.7268019732361726,
                    -0.19629033460651804,
                    -4.434933014911396
                ],
                [
                    0.0,
                    0.0,
                    0.0,
                    1.0
                ]
            ]
        },
        {
            "file_path": "images\\eval_frame_00158.jpg",
            "transform_matrix": [
                [
                    -0.5211515482158536,
                    -0.8459154155324237,
                    -0.11326152725804857,
                    0.9959581010557701
                ],
                [
                    0.37827789503729087,
                    -0.34790584751790227,
                    0.8578271127616603,
                    3.7899660485186755
                ],
                [
                    -0.7650535261786428,
                    0.4042135957973916,
                    0.5013027738345041,
                    -0.13253627359338313
                ],
                [
                    0.0,
                    0.0,
                    0.0,
                    1.0
                ]
            ]
        },
        {
            "file_path": "images\\eval_frame_00148.jpg",
            "transform_matrix": [
                [
                    -0.011752882349240651,
                    -0.992610497768983,
                    0.12077362905575363,
                    1.1296050642467774
                ],
                [
                    0.9664269809959773,
                    0.019727621034605083,
                    0.2561829646391733,
                    0.4580266594045301
                ],
                [
                    -0.2566724764354094,
                    0.11972978195556391,
                    0.9590537102547422,
                    2.2946000589417452
                ],
                [
                    0.0,
                    0.0,
                    0.0,
                    1.0
                ]
            ]
        },
        {
            "file_path": "images\\eval_frame_00138.jpg",
            "transform_matrix": [
                [
                    0.050155717064777096,
                    -0.7655390963661837,
                    0.6414314429310155,
                    0.3741919845957994
                ],
                [
                    0.9986809360170855,
                    0.04550968049950269,
                    -0.023775134423830828,
                    1.0123896597928592
                ],
                [
                    -0.010990545107321519,
                    0.6417778127324751,
                    0.7668118719754955,
                    3.7057405042454956
                ],
                [
                    0.0,
                    0.0,
                    0.0,
                    1.0
                ]
            ]
        },
        {
            "file_path": "images\\train_frame_00133.jpg",
            "transform_matrix": [
                [
                    0.06555661261404072,
                    -0.9905144764106215,
                    0.12076175952496208,
                    1.5099798741704742
                ],
                [
                    0.9960264096634762,
                    0.07226689117198906,
                    0.05204697583165458,
                    0.5635278801268423
                ],
                [
                    -0.060280359947975974,
                    0.11686987833196395,
                    0.9913161502483526,
                    2.717833325275836
                ],
                [
                    0.0,
                    0.0,
                    0.0,
                    1.0
                ]
            ]
        },
        {
            "file_path": "images\\train_frame_00132.jpg",
            "transform_matrix": [
                [
                    0.11579964050416904,
                    -0.9849132725306488,
                    0.12859350237112918,
                    1.3795673967733897
                ],
                [
                    0.9930327795359019,
                    0.1119526215110069,
                    -0.036776477591173196,
                    0.1653825923212761
                ],
                [
                    0.021825261196742655,
                    0.13195626597392648,
                    0.9910152379473852,
                    2.4178097057422776
                ],
                [
                    0.0,
                    0.0,
                    0.0,
                    1.0
                ]
            ]
        },
        {
            "file_path": "images\\train_frame_00131.jpg",
            "transform_matrix": [
                [
                    0.18433537226588656,
                    -0.9745623326113886,
                    0.12747050790926523,
                    1.2215287657228615
                ],
                [
                    0.9666382479183439,
                    0.15629300371892677,
                    -0.20293593730502696,
                    -0.4355813230824057
                ],
                [
                    0.17785097186394935,
                    0.1606261399759223,
                    0.970859554705769,
                    2.561755902177931
                ],
                [
                    0.0,
                    0.0,
                    0.0,
                    1.0
                ]
            ]
        },
        {
            "file_path": "images\\train_frame_00130.jpg",
            "transform_matrix": [
                [
                    0.25145418556576843,
                    -0.9662698790008708,
                    0.05561756464551826,
                    1.2374084367934401
                ],
                [
                    0.9172273535961012,
                    0.21955931415154858,
                    -0.3323968853409947,
                    -1.2491017604406278
                ],
                [
                    0.3089737438303599,
                    0.13459653972128677,
                    0.94149827249895,
                    2.9879639912525233
                ],
                [
                    0.0,
                    0.0,
                    0.0,
                    1.0
                ]
            ]
        },
        {
            "file_path": "images\\train_frame_00129.jpg",
            "transform_matrix": [
                [
                    0.2711849032726668,
                    -0.9621349961284289,
                    0.027477217143338485,
                    1.220972600753283
                ],
                [
                    0.8936755720343856,
                    0.24108112822212519,
                    -0.3784492853265294,
                    -1.9804251312639007
                ],
                [
                    0.3574950631631268,
                    0.12718545058337088,
                    0.9252141054771577,
                    3.3221577336810997
                ],
                [
                    0.0,
                    0.0,
                    0.0,
                    1.0
                ]
            ]
        },
        {
            "file_path": "images\\eval_frame_00128.jpg",
            "transform_matrix": [
                [
                    0.3230041887297074,
                    -0.9452915176669495,
                    -0.0457410175879261,
                    1.1962161293449318
                ],
                [
                    0.8492064718544959,
                    0.31082852983478376,
                    -0.4268887363250362,
                    -2.7577973838929153
                ],
                [
                    0.4177519146856217,
                    0.09904328178964111,
                    0.903146591705264,
                    3.578781282078476
                ],
                [
                    0.0,
                    0.0,
                    0.0,
                    1.0
                ]
            ]
        },
        {
            "file_path": "images\\eval_frame_00050.jpg",
            "transform_matrix": [
                [
                    -0.19881306231890167,
                    -0.7110372207438997,
                    -0.6744623317637325,
                    -0.35549466433823307
                ],
                [
                    -0.976236118717673,
                    0.20423901431430935,
                    0.07245319553320537,
                    0.8498590141302353
                ],
                [
                    0.08623460304561074,
                    0.6728391306610444,
                    -0.7347456005236479,
                    -3.9010215206703323
                ],
                [
                    0.0,
                    0.0,
                    0.0,
                    1.0
                ]
            ]
        },
        {
            "file_path": "images\\eval_frame_00040.jpg",
            "transform_matrix": [
                [
                    -0.5645714291564157,
                    -0.7694487653116248,
                    -0.2986765791633122,
                    0.946836799766623
                ],
                [
                    -0.30074311160995526,
                    -0.14521689515608713,
                    0.9425845501494218,
                    3.5029576239433906
                ],
                [
                    -0.7686434037962234,
                    0.621981230361208,
                    -0.14942110586832677,
                    -2.604045203993824
                ],
                [
                    0.0,
                    0.0,
                    0.0,
                    1.0
                ]
            ]
        },
        {
            "file_path": "images\\eval_frame_00030.jpg",
            "transform_matrix": [
                [
                    -0.4151260996535848,
                    -0.8399786620915933,
                    -0.34943693081473054,
                    -0.9340689524105696
                ],
                [
                    0.5274231255671059,
                    -0.5351663431574767,
                    0.6598650102623099,
                    3.7722133760357255
                ],
                [
                    -0.7412794129094821,
                    0.08962606976918386,
                    0.6651856880708594,
                    1.1576917734431664
                ],
                [
                    0.0,
                    0.0,
                    0.0,
                    1.0
                ]
            ]
        },
        {
            "file_path": "images\\eval_frame_00004.jpg",
            "transform_matrix": [
                [
                    0.4141326787281254,
                    -0.8998356305998058,
                    -0.13707648344087672,
                    1.039748417703085
                ],
                [
                    0.7057027883036064,
                    0.41253461902408006,
                    -0.5760197589381568,
                    -2.948390826160483
                ],
                [
                    0.5748718978955072,
                    0.14181334919430807,
                    0.8058605803737461,
                    2.9475688362364028
                ],
                [
                    0.0,
                    0.0,
                    0.0,
                    1.0
                ]
            ]
        },
        {
            "file_path": "images\\eval_frame_00020.jpg",
            "transform_matrix": [
                [
                    -0.18394662623769106,
                    -0.9730791535716155,
                    -0.13885459869993408,
                    0.35459773715178816
                ],
                [
                    0.8622978829509959,
                    -0.22755966217038182,
                    0.4523924858031268,
                    2.812574375396124
                ],
                [
                    -0.4718114027384265,
                    -0.03651795499819556,
                    0.8809429261925815,
                    2.3877311445260365
                ],
                [
                    0.0,
                    0.0,
                    0.0,
                    1.0
                ]
            ]
        },
        {
            "file_path": "images\\eval_frame_00060.jpg",
            "transform_matrix": [
                [
                    0.192409568212097,
                    -0.49784696847277354,
                    -0.8456517924316743,
                    -3.307103752812629
                ],
                [
                    -0.6536530715264418,
                    0.5777294618952475,
                    -0.4888418260974358,
                    -0.7694938147690679
                ],
                [
                    0.731926376177606,
                    0.6468207362482254,
                    -0.21425852378568408,
                    -2.259375653278128
                ],
                [
                    0.0,
                    0.0,
                    0.0,
                    1.0
                ]
            ]
        },
        {
            "file_path": "images\\train_frame_00061.jpg",
            "transform_matrix": [
                [
                    0.22139112227189336,
                    -0.6491485070088446,
                    -0.7277308477915302,
                    -1.8985114203040483
                ],
                [
                    -0.6019422638612301,
                    0.4961513063009387,
                    -0.6256991227686743,
                    -1.204109692143621
                ],
                [
                    0.7672362621492861,
                    0.5765761849955823,
                    -0.2809064273724106,
                    -2.747847192643053
                ],
                [
                    0.0,
                    0.0,
                    0.0,
                    1.0
                ]
            ]
        },
        {
            "file_path": "images\\eval_frame_00070.jpg",
            "transform_matrix": [
                [
                    0.47799115449732577,
                    -0.6248877516710547,
                    -0.6172841760759851,
                    -3.5869281378504128
                ],
                [
                    0.11778042013794315,
                    0.7420166059449862,
                    -0.6599538840964669,
                    -1.577320061444207
                ],
                [
                    0.8704322080750707,
                    0.24274812937153084,
                    0.4282769160627027,
                    0.694954901167596
                ],
                [
                    0.0,
                    0.0,
                    0.0,
                    1.0
                ]
            ]
        },
        {
            "file_path": "images\\eval_frame_00080.jpg",
            "transform_matrix": [
                [
                    0.50008041581722,
                    -0.6207501227151422,
                    -0.603811943294609,
                    -2.520950273643985
                ],
                [
                    0.3864556498208411,
                    0.783949320993894,
                    -0.4858760056174451,
                    -1.8650591358681456
                ],
                [
                    0.7749655530651848,
                    0.009630538009278993,
                    0.631930094472501,
                    1.7102062208858144
                ],
                [
                    0.0,
                    0.0,
                    0.0,
                    1.0
                ]
            ]
        },
        {
            "file_path": "images\\train_frame_00084.jpg",
            "transform_matrix": [
                [
                    0.37075794367875947,
                    -0.9244105757940206,
                    -0.08946303459678379,
                    0.8144982247759575
                ],
                [
                    0.8541508601160208,
                    0.37722073561993114,
                    -0.35795366289705705,
                    -1.2044021750256129
                ],
                [
                    0.3646434633476373,
                    0.05629923603856059,
                    0.9294436726662431,
                    1.929496819595461
                ],
                [
                    0.0,
                    0.0,
                    0.0,
                    1.0
                ]
            ]
        },
        {
            "file_path": "images\\train_frame_00085.jpg",
            "transform_matrix": [
                [
                    0.34218646411728926,
                    -0.9392090291715204,
                    -0.028192610691411414,
                    1.0090312502864847
                ],
                [
                    0.907352025773865,
                    0.33807908613900195,
                    -0.24982960761182954,
                    -0.7186875953748773
                ],
                [
                    0.24417355528183324,
                    0.05990768763779568,
                    0.9678793023217935,
                    2.429055505254438
                ],
                [
                    0.0,
                    0.0,
                    0.0,
                    1.0
                ]
            ]
        },
        {
            "file_path": "images\\eval_frame_00090.jpg",
            "transform_matrix": [
                [
                    -0.10429126614755235,
                    -0.9915726725994818,
                    0.0768567938393314,
                    1.3820780549254716
                ],
                [
                    0.9379977911597751,
                    -0.07238047423817151,
                    0.3390003108087665,
                    1.602700944233414
                ],
                [
                    -0.33058051301418745,
                    0.10744627449557512,
                    0.937641627975368,
                    2.2587049190427364
                ],
                [
                    0.0,
                    0.0,
                    0.0,
                    1.0
                ]
            ]
        },
        {
            "file_path": "images\\train_frame_00094.jpg",
            "transform_matrix": [
                [
                    -0.4314803191793669,
                    -0.8990331485580955,
                    -0.07459310929696515,
                    0.5954648325462479
                ],
                [
                    0.4765401764211772,
                    -0.29735443608947365,
                    0.8273389871113197,
                    3.1223784602930307
                ],
                [
                    -0.765985766458715,
                    0.3214338767641464,
                    0.556728002215648,
                    -0.0007833832854597986
                ],
                [
                    0.0,
                    0.0,
                    0.0,
                    1.0
                ]
            ]
        },
        {
            "file_path": "images\\train_frame_00099.jpg",
            "transform_matrix": [
                [
                    -0.5831655400981741,
                    -0.7360350836845836,
                    -0.3437590848653061,
                    -0.28886257116642794
                ],
                [
                    -0.1929805906875306,
                    -0.28553043832652675,
                    0.9387389735208362,
                    3.432616880211316
                ],
                [
                    -0.7890985011137054,
                    0.6137790517559959,
                    0.02447102706496045,
                    -1.7620775619145062
                ],
                [
                    0.0,
                    0.0,
                    0.0,
                    1.0
                ]
            ]
        },
        {
            "file_path": "images\\eval_frame_00100.jpg",
            "transform_matrix": [
                [
                    -0.5717935761296598,
                    -0.7107871558892273,
                    -0.4096751460849901,
                    -0.3392493129800827
                ],
                [
                    -0.36512605379833896,
                    -0.2266969255940612,
                    0.9029349194509271,
                    2.9224728596925895
                ],
                [
                    -0.7346666394593583,
                    0.6658754560344627,
                    -0.12990306353735057,
                    -1.9834261758722016
                ],
                [
                    0.0,
                    0.0,
                    0.0,
                    1.0
                ]
            ]
        },
        {
            "file_path": "images\\train_frame_00108.jpg",
            "transform_matrix": [
                [
                    -0.219059153078844,
                    -0.5123574156492745,
                    -0.8303631531333603,
                    -1.5398044186882192
                ],
                [
                    -0.9696877525047815,
                    0.2087407091483363,
                    0.12701566433505726,
                    0.9878012873243804
                ],
                [
                    0.1082531759100205,
                    0.833016923581656,
                    -0.5425532738192149,
                    -3.149284133040315
                ],
                [
                    0.0,
                    0.0,
                    0.0,
                    1.0
                ]
            ]
        },
        {
            "file_path": "images\\eval_frame_00110.jpg",
            "transform_matrix": [
                [
                    -0.00338807013840678,
                    -0.48801620992431216,
                    -0.8728279898306693,
                    -1.7668621626178724
                ],
                [
                    -0.9174415597852684,
                    0.3487809038216748,
                    -0.1914493810596132,
                    0.26509718819522526
                ],
                [
                    0.3978561365110643,
                    0.8001200284835052,
                    -0.44890804699854076,
                    -3.015058020132481
                ],
                [
                    0.0,
                    0.0,
                    0.0,
                    1.0
                ]
            ]
        },
        {
            "file_path": "images\\eval_frame_00120.jpg",
            "transform_matrix": [
                [
                    0.40699201753435377,
                    -0.7479582037033637,
                    -0.5243243492115864,
                    -0.9357192302949299
                ],
                [
                    0.06598661920104365,
                    0.5965912000972181,
                    -0.7998279227765039,
                    -1.6462437465256774
                ],
                [
                    0.9110451491280399,
                    0.2909251888018608,
                    0.2921630893368786,
                    -0.9407514641007448
                ],
                [
                    0.0,
                    0.0,
                    0.0,
                    1.0
                ]
            ]
        },
        {
            "file_path": "images\\train_frame_00121.jpg",
            "transform_matrix": [
                [
                    0.43513463975899513,
                    -0.7988439699655433,
                    -0.4153386051542759,
                    -0.8653505541431235
                ],
                [
                    0.26973200295110616,
                    0.5557722874431054,
                    -0.7863598483482247,
                    -1.7323543938139776
                ],
                [
                    0.8590125097260192,
                    0.23014229546076123,
                    0.45730955814880764,
                    -0.5961771234750545
                ],
                [
                    0.0,
                    0.0,
                    0.0,
                    1.0
                ]
            ]
        }
    ]
}