{
    "fl_x": 1074.452670937213,
    "fl_y": 1072.2149734095053,
    "cx": 1487.9938481094716,
    "cy": 998.8971959995184,
    "w": 3008,
    "h": 2000,
    "camera_model": "OPENCV_FISHEYE",
    "k1": 0.03060524881256097,
    "k2": 0.006503338324805288,
    "k3": 0.0001980286672716662,
    "k4": 0.0001619462046311063,
    "frames": [
        {
            "file_path": "images\\eval_frame_00167.jpg",
            "transform_matrix": [
                [
                    0.1869950645133667,
                    -0.8955363540084568,
                    -0.40379138734856895,
                    -1.550621266539025
                ],
                [
                    -0.7103326007687961,
                    0.1606668130009725,
                    -0.6852837160513514,
                    -2.102333554306148
                ],
                [
                    0.6785723558565294,
                    0.41497085903633135,
                    -0.6060847663635583,
                    -4.381099342508191
                ],
                [
                    0.0,
                    0.0,
                    0.0,
                    1.0
                ]
            ]
        },
        {
            "file_path": "images\\train_frame_00164.jpg",
            "transform_matrix": [
                [
                    0.15423387971638597,
                    -0.985024386310761,
                    0.0770640559582753,
                    -2.316787085187998
                ],
                [
                    -0.7531725078211944,
                    -0.16769566910084552,
                    -0.6360890944098577,
                    -2.1654153699256846
                ],
                [
                    0.6394865782875857,
                    0.04006396058714782,
                    -0.7677576409597676,
                    -4.178866645812841
                ],
                [
                    0.0,
                    0.0,
                    0.0,
                    1.0
                ]
            ]
        },
        {
            "file_path": "images\\train_frame_00160.jpg",
            "transform_matrix": [
                [
                    0.142541399212897,
                    -0.2948887957726196,
                    -0.9448399587433858,
                    -1.6271858199312605
                ],
                [
                    -0.7754809885472385,
                    0.559922855989758,
                    -0.2917458341468976,
                    -1.1305980336986647
                ],
                [
                    0.6150700658560989,
                    0.774291284639086,
                    -0.14886846751319383,
                    -3.0729078099746374
                ],
                [
                    0.0,
                    0.0,
                    0.0,
                    1.0
                ]
            ]
        },
        {
            "file_path": "images\\eval_frame_00159.jpg",
            "transform_matrix": [
                [
                    0.07423398755101808,
                    0.03753588202779577,
                    -0.9965341803734936,
                    -2.867062899691113
                ],
                [
                    -0.8220401167768494,
                    0.5680341912465607,
                    -0.039839728718572255,
                    -0.6898108964110053
                ],
                [
                    0.564570067840812,
                    0.8221485359320789,
                    0.07302344392700133,
                    -2.717513965800905
                ],
                [
                    0.0,
                    0.0,
                    0.0,
                    1.0
                ]
            ]
        },
        {
            "file_path": "images\\train_frame_00155.jpg",
            "transform_matrix": [
                [
                    -0.41157693029913195,
                    -0.40094450880806365,
                    0.8184423811742668,
                    1.3521305070269036
                ],
                [
                    0.4373967253607675,
                    0.7009484369329,
                    0.5633430512618414,
                    4.309887131033492
                ],
                [
                    -0.7995552107823576,
                    0.5898430211657886,
                    -0.11312239076678919,
                    0.5090613347327295
                ],
                [
                    0.0,
                    0.0,
                    0.0,
                    1.0
                ]
            ]
        },
        {
            "file_path": "images\\train_frame_00151.jpg",
            "transform_matrix": [
                [
                    -0.3850209478224319,
                    -0.8922380658069656,
                    0.2359451285001684,
                    0.17446642702820656
                ],
                [
                    0.6653360007587802,
                    -0.09116763186452766,
                    0.7409564555319875,
                    2.6582314987297124
                ],
                [
                    -0.6395989961157134,
                    0.4422665449988941,
                    0.6287395544599629,
                    0.8875603821023479
                ],
                [
                    0.0,
                    0.0,
                    0.0,
                    1.0
                ]
            ]
        },
        {
            "file_path": "images\\eval_frame_00149.jpg",
            "transform_matrix": [
                [
                    -0.15076729847009238,
                    -0.9881058539614026,
                    -0.03026620358151056,
                    0.7097340866651726
                ],
                [
                    0.8994586477838187,
                    -0.14981586276852402,
                    0.41052326144790796,
                    1.7741088257431752
                ],
                [
                    -0.41017479522629696,
                    0.03467028454065726,
                    0.9113476881689749,
                    2.0659975627688065
                ],
                [
                    0.0,
                    0.0,
                    0.0,
                    1.0
                ]
            ]
        },
        {
            "file_path": "images\\train_frame_00146.jpg",
            "transform_matrix": [
                [
                    0.1325108556335339,
                    -0.4467684120537691,
                    0.8847818144210596,
                    1.7430126980856095
                ],
                [
                    0.9779590551444763,
                    0.20425142748195538,
                    -0.043329445328861446,
                    -1.0137107991375227
                ],
                [
                    -0.16135972112082989,
                    0.8710220091148886,
                    0.46398674554050673,
                    2.5683884653761293
                ],
                [
                    0.0,
                    0.0,
                    0.0,
                    1.0
                ]
            ]
        },
        {
            "file_path": "images\\train_frame_00142.jpg",
            "transform_matrix": [
                [
                    0.21939511614899965,
                    -0.7148407004905155,
                    0.6639793339646921,
                    2.7270303117980053
                ],
                [
                    0.961388995102505,
                    0.04252132380846792,
                    -0.27188809668201913,
                    -0.7756652625056115
                ],
                [
                    0.16612339722556402,
                    0.6979933452002279,
                    0.6965689534787156,
                    1.804803785407905
                ],
                [
                    0.0,
                    0.0,
                    0.0,
                    1.0
                ]
            ]
        },
        {
            "file_path": "images\\eval_frame_00139.jpg",
            "transform_matrix": [
                [
                    0.14994472701687814,
                    -0.8263670327836938,
                    0.5428020872915904,
                    0.9123642524197164
                ],
                [
                    0.9860538948302071,
                    0.08489425834661601,
                    -0.1431456649359558,
                    0.004590143387286813
                ],
                [
                    0.07221007775935993,
                    0.55669604994831,
                    0.8275718776287265,
                    3.310023185614213
                ],
                [
                    0.0,
                    0.0,
                    0.0,
                    1.0
                ]
            ]
        },
        {
            "file_path": "images\\train_frame_00137.jpg",
            "transform_matrix": [
                [
                    -0.02384388623754701,
                    -0.8038862050460709,
                    0.5943050045437253,
                    0.3346947436125452
                ],
                [
                    0.9832517988267288,
                    0.08858611147902883,
                    0.15927460863875045,
                    1.928629902118275
                ],
                [
                    -0.1806858300838584,
                    0.5881491904182573,
                    0.7883103199992092,
                    3.9403223381962005
                ],
                [
                    0.0,
                    0.0,
                    0.0,
                    1.0
                ]
            ]
        },
        {
            "file_path": "images\\train_frame_00133.jpg",
            "transform_matrix": [
                [
                    0.06555661261404072,
                    -0.9905144764106215,
                    0.12076175952496208,
                    1.5099798741704742
                ],
                [
                    0.9960264096634762,
                    0.07226689117198906,
                    0.05204697583165458,
                    0.5635278801268423
                ],
                [
                    -0.060280359947975974,
                    0.11686987833196395,
                    0.9913161502483526,
                    2.717833325275836
                ],
                [
                    0.0,
                    0.0,
                    0.0,
                    1.0
                ]
            ]
        },
        {
            "file_path": "images\\eval_frame_00129.jpg",
            "transform_matrix": [
                [
                    0.2711849032726668,
                    -0.9621349961284289,
                    0.027477217143338485,
                    1.220972600753283
                ],
                [
                    0.8936755720343856,
                    0.24108112822212519,
                    -0.3784492853265294,
                    -1.9804251312639007
                ],
                [
                    0.3574950631631268,
                    0.12718545058337088,
                    0.9252141054771577,
                    3.3221577336810997
                ],
                [
                    0.0,
                    0.0,
                    0.0,
                    1.0
                ]
            ]
        },
        {
            "file_path": "images\\train_frame_00128.jpg",
            "transform_matrix": [
                [
                    0.3230041887297074,
                    -0.9452915176669495,
                    -0.0457410175879261,
                    1.1962161293449318
                ],
                [
                    0.8492064718544959,
                    0.31082852983478376,
                    -0.4268887363250362,
                    -2.7577973838929153
                ],
                [
                    0.4177519146856217,
                    0.09904328178964111,
                    0.903146591705264,
                    3.578781282078476
                ],
                [
                    0.0,
                    0.0,
                    0.0,
                    1.0
                ]
            ]
        },
        {
            "file_path": "images\\train_frame_00056.jpg",
            "transform_matrix": [
                [
                    -0.04175851287439384,
                    -0.031278764389424674,
                    -0.9986380052355257,
                    -3.712271104165201
                ],
                [
                    -0.9409118263112216,
                    0.3374268487948404,
                    0.028775976439820466,
                    0.8568993365320507
                ],
                [
                    0.3360671982062521,
                    0.9408319513125895,
                    -0.04352100273597725,
                    -2.411730119382905
                ],
                [
                    0.0,
                    0.0,
                    0.0,
                    1.0
                ]
            ]
        },
        {
            "file_path": "images\\train_frame_00052.jpg",
            "transform_matrix": [
                [
                    -0.20786861155833836,
                    -0.7194108783373729,
                    -0.6627508041931434,
                    0.10871625773286583
                ],
                [
                    -0.9731267981869552,
                    0.22072017616595188,
                    0.06562650747735842,
                    0.7834616555705469
                ],
                [
                    0.09907005086913634,
                    0.6585822590710448,
                    -0.7459588011798408,
                    -4.3111236331324525
                ],
                [
                    0.0,
                    0.0,
                    0.0,
                    1.0
                ]
            ]
        },
        {
            "file_path": "images\\eval_frame_00051.jpg",
            "transform_matrix": [
                [
                    -0.2192770288528695,
                    -0.74372065061151,
                    -0.6315039021822826,
                    0.2431838288146855
                ],
                [
                    -0.9722993447581108,
                    0.2202695378645114,
                    0.07820047871913988,
                    0.7304797731303245
                ],
                [
                    0.08094176178219674,
                    0.6311583989324286,
                    -0.7714191510823718,
                    -4.331820950386868
                ],
                [
                    0.0,
                    0.0,
                    0.0,
                    1.0
                ]
            ]
        },
        {
            "file_path": "images\\train_frame_00047.jpg",
            "transform_matrix": [
                [
                    -0.25838393217417566,
                    -0.46256048897380114,
                    -0.8481011364421868,
                    -3.0086536141868327
                ],
                [
                    -0.9659517766913966,
                    0.11168903096081408,
                    0.23337250367120824,
                    1.9279669266297292
                ],
                [
                    -0.013225305325201296,
                    0.8795245047202221,
                    -0.47566977715186287,
                    -2.064523389959182
                ],
                [
                    0.0,
                    0.0,
                    0.0,
                    1.0
                ]
            ]
        },
        {
            "file_path": "images\\train_frame_00043.jpg",
            "transform_matrix": [
                [
                    -0.537955652166102,
                    -0.4317051704908792,
                    -0.7240403041778717,
                    -2.7033106909423297
                ],
                [
                    -0.5643754633176451,
                    -0.4535579578863531,
                    0.6897575771551586,
                    3.827985406593738
                ],
                [
                    -0.6261661542334729,
                    0.7796895693860487,
                    0.0003502614174654194,
                    -1.3133159435271349
                ],
                [
                    0.0,
                    0.0,
                    0.0,
                    1.0
                ]
            ]
        },
        {
            "file_path": "images\\eval_frame_00041.jpg",
            "transform_matrix": [
                [
                    -0.5585151952340299,
                    -0.7000537770273415,
                    -0.4449555999899843,
                    -0.5157357969743197
                ],
                [
                    -0.3319776662862664,
                    -0.30293796387328775,
                    0.8933193265184801,
                    3.751742197626247
                ],
                [
                    -0.7601655120957659,
                    0.6466477397424815,
                    -0.0632067631359343,
                    -1.8706240401732355
                ],
                [
                    0.0,
                    0.0,
                    0.0,
                    1.0
                ]
            ]
        },
        {
            "file_path": "images\\train_frame_00038.jpg",
            "transform_matrix": [
                [
                    -0.5405933808494445,
                    -0.8094204412702242,
                    -0.22934111239741256,
                    1.5743340671785344
                ],
                [
                    -0.2591291311763122,
                    -0.09914958377987736,
                    0.9607400550680116,
                    3.3747102772794038
                ],
                [
                    -0.8003817151569472,
                    0.5787986776852487,
                    -0.1561448069973212,
                    -2.794786222240357
                ],
                [
                    0.0,
                    0.0,
                    0.0,
                    1.0
                ]
            ]
        },
        {
            "file_path": "images\\train_frame_00034.jpg",
            "transform_matrix": [
                [
                    -0.5768214728578654,
                    -0.7311477654073133,
                    -0.3642800208493115,
                    -1.2166627404513113
                ],
                [
                    -0.1379009664728153,
                    -0.3523874876593937,
                    0.9256383645824994,
                    3.646679889756897
                ],
                [
                    -0.805146143191375,
                    0.5841626517340804,
                    0.10243868616426659,
                    -0.5889518204832472
                ],
                [
                    0.0,
                    0.0,
                    0.0,
                    1.0
                ]
            ]
        },
        {
            "file_path": "images\\eval_frame_00031.jpg",
            "transform_matrix": [
                [
                    -0.4901283329409009,
                    -0.788797535806762,
                    -0.37090789254713014,
                    -1.4381452785212345
                ],
                [
                    0.3560303743014303,
                    -0.5695752899309884,
                    0.7408281593425117,
                    3.8425237027611785
                ],
                [
                    -0.7956233969808558,
                    0.231046394919312,
                    0.5600008692595331,
                    0.9266309692396067
                ],
                [
                    0.0,
                    0.0,
                    0.0,
                    1.0
                ]
            ]
        },
        {
            "file_path": "images\\train_frame_00013.jpg",
            "transform_matrix": [
                [
                    0.08024134306007152,
                    -0.9220224707789396,
                    0.3787293099861896,
                    4.541584997672922
                ],
                [
                    0.9923472554606965,
                    0.10966887151938508,
                    0.0567420760925077,
                    0.0702313578708479
                ],
                [
                    -0.09385228523344134,
                    0.371277930933639,
                    0.9237664458931688,
                    2.264973152513106
                ],
                [
                    0.0,
                    0.0,
                    0.0,
                    1.0
                ]
            ]
        },
        {
            "file_path": "images\\train_frame_00009.jpg",
            "transform_matrix": [
                [
                    0.17333800932842927,
                    -0.9751084802921,
                    0.13826563631101088,
                    0.7761745779740049
                ],
                [
                    0.9835338933988682,
                    0.16410025311594764,
                    -0.07571121094623745,
                    -0.5393646454225023
                ],
                [
                    0.05113721793098575,
                    0.1491125701935061,
                    0.9874970513133523,
                    4.174574901792812
                ],
                [
                    0.0,
                    0.0,
                    0.0,
                    1.0
                ]
            ]
        },
        {
            "file_path": "images\\eval_frame_00005.jpg",
            "transform_matrix": [
                [
                    0.39939362837405795,
                    -0.8876960614327583,
                    -0.22908608017724172,
                    -0.4228082937861213
                ],
                [
                    0.7750463676459565,
                    0.46040603859324536,
                    -0.4328156739602714,
                    -2.447115147487925
                ],
                [
                    0.48968138377215614,
                    -0.004688511879465466,
                    0.871888846266164,
                    3.851031419413009
                ],
                [
                    0.0,
                    0.0,
                    0.0,
                    1.0
                ]
            ]
        },
        {
            "file_path": "images\\train_frame_00004.jpg",
            "transform_matrix": [
                [
                    0.4141326787281254,
                    -0.8998356305998058,
                    -0.13707648344087672,
                    1.039748417703085
                ],
                [
                    0.7057027883036064,
                    0.41253461902408006,
                    -0.5760197589381568,
                    -2.948390826160483
                ],
                [
                    0.5748718978955072,
                    0.14181334919430807,
                    0.8058605803737461,
                    2.9475688362364028
                ],
                [
                    0.0,
                    0.0,
                    0.0,
                    1.0
                ]
            ]
        },
        {
            "file_path": "images\\train_frame_00014.jpg",
            "transform_matrix": [
                [
                    0.062237720230763134,
                    -0.9423973438806229,
                    0.3286543966345562,
                    4.286949354843781
                ],
                [
                    0.9929093632763044,
                    0.09187850389540679,
                    0.07542769279373315,
                    0.3259131915135629
                ],
                [
                    -0.10127913160528836,
                    0.32162958005862685,
                    0.941433455286453,
                    2.276869048666603
                ],
                [
                    0.0,
                    0.0,
                    0.0,
                    1.0
                ]
            ]
        },
        {
            "file_path": "images\\train_frame_00018.jpg",
            "transform_matrix": [
                [
                    -0.08453122403124619,
                    -0.9571652056979355,
                    -0.2769282238505277,
                    0.39164885616105044
                ],
                [
                    0.9504554232644398,
                    -0.1608936099665114,
                    0.26598446319129004,
                    2.1292847292618298
                ],
                [
                    -0.29914705505987166,
                    -0.24072393996686914,
                    0.9233433945049011,
                    3.0398336146620264
                ],
                [
                    0.0,
                    0.0,
                    0.0,
                    1.0
                ]
            ]
        },
        {
            "file_path": "images\\eval_frame_00019.jpg",
            "transform_matrix": [
                [
                    -0.15425302803383698,
                    -0.9480863756783292,
                    -0.27809751454394954,
                    0.11488335587627932
                ],
                [
                    0.9192093910682341,
                    -0.24091659699938864,
                    0.3114695629787929,
                    2.5346189912360924
                ],
                [
                    -0.3622983559365932,
                    -0.20758472377167855,
                    0.9086520146581294,
                    2.8677266621426547
                ],
                [
                    0.0,
                    0.0,
                    0.0,
                    1.0
                ]
            ]
        },
        {
            "file_path": "images\\train_frame_00023.jpg",
            "transform_matrix": [
                [
                    -0.22883648537494164,
                    -0.9669051778084004,
                    0.11281950225271195,
                    2.6458975964108196
                ],
                [
                    0.7496627334326716,
                    -0.10110653262015176,
                    0.6540514162998081,
                    2.437106581432943
                ],
                [
                    -0.620998912288499,
                    0.23424740380383252,
                    0.7479896421392913,
                    0.17568978562289592
                ],
                [
                    0.0,
                    0.0,
                    0.0,
                    1.0
                ]
            ]
        },
        {
            "file_path": "images\\train_frame_00027.jpg",
            "transform_matrix": [
                [
                    -0.24345849570322375,
                    -0.9692056076359158,
                    0.03699258029684565,
                    2.5819979894037
                ],
                [
                    0.7262195911662673,
                    -0.15687516420932282,
                    0.6693245014644222,
                    2.606740102201535
                ],
                [
                    -0.6429098430388376,
                    0.18981747280319905,
                    0.7420486916250064,
                    0.2067768260794062
                ],
                [
                    0.0,
                    0.0,
                    0.0,
                    1.0
                ]
            ]
        },
        {
            "file_path": "images\\eval_frame_00029.jpg",
            "transform_matrix": [
                [
                    -0.28754262511919226,
                    -0.9228911420163953,
                    -0.25610774827645777,
                    0.06892164319278024
                ],
                [
                    0.6859195261582713,
                    -0.3850563948866529,
                    0.6174511935300689,
                    3.400364284933663
                ],
                [
                    -0.6684561633902228,
                    0.001874231727364692,
                    0.743749181432192,
                    1.168497574954624
                ],
                [
                    0.0,
                    0.0,
                    0.0,
                    1.0
                ]
            ]
        },
        {
            "file_path": "images\\train_frame_00062.jpg",
            "transform_matrix": [
                [
                    0.24682986609160443,
                    -0.7412508122126589,
                    -0.6241972849983202,
                    -0.7703731789971733
                ],
                [
                    -0.586964097092564,
                    0.3981650677172264,
                    -0.7049381019451625,
                    -1.5962701675074276
                ],
                [
                    0.7710694948767668,
                    0.5403811731026629,
                    -0.33680858336253544,
                    -3.310386356297328
                ],
                [
                    0.0,
                    0.0,
                    0.0,
                    1.0
                ]
            ]
        },
        {
            "file_path": "images\\train_frame_00066.jpg",
            "transform_matrix": [
                [
                    0.34518423994626524,
                    -0.5023978208455632,
                    -0.79274476983601,
                    -2.6029828093372633
                ],
                [
                    -0.4981217220406905,
                    0.6178088910843649,
                    -0.608429884315624,
                    -1.9568543210582794
                ],
                [
                    0.7954386151828028,
                    0.6049037970675472,
                    -0.036997375168080535,
                    -2.1034467196266875
                ],
                [
                    0.0,
                    0.0,
                    0.0,
                    1.0
                ]
            ]
        },
        {
            "file_path": "images\\eval_frame_00069.jpg",
            "transform_matrix": [
                [
                    0.418762169601362,
                    -0.45139657532777605,
                    -0.7879589945505512,
                    -4.101293659265697
                ],
                [
                    -0.07694273496301929,
                    0.8469470620447204,
                    -0.526080307206254,
                    -1.573954849841631
                ],
                [
                    0.9048304044665886,
                    0.28093025090967233,
                    0.319937702180687,
                    0.3021246509759042
                ],
                [
                    0.0,
                    0.0,
                    0.0,
                    1.0
                ]
            ]
        },
        {
            "file_path": "images\\train_frame_00071.jpg",
            "transform_matrix": [
                [
                    0.48815052219145977,
                    -0.7136366301921042,
                    -0.5024259425350792,
                    -2.7728748344873315
                ],
                [
                    0.21585806016306677,
                    0.6565110568483656,
                    -0.7227714231335376,
                    -1.7292969773282427
                ],
                [
                    0.8456443493259106,
                    0.24436855829647844,
                    0.47452043387957255,
                    0.8652031651906136
                ],
                [
                    0.0,
                    0.0,
                    0.0,
                    1.0
                ]
            ]
        },
        {
            "file_path": "images\\train_frame_00075.jpg",
            "transform_matrix": [
                [
                    0.5136215664822913,
                    -0.844170770096549,
                    -0.15352067404384576,
                    1.3443456517740964
                ],
                [
                    0.2304231666414422,
                    0.30806100106231776,
                    -0.9230404020948448,
                    -2.8301738754192733
                ],
                [
                    0.8264974595963422,
                    0.4387187373922866,
                    0.35274327596952204,
                    -1.3812990820631283
                ],
                [
                    0.0,
                    0.0,
                    0.0,
                    1.0
                ]
            ]
        },
        {
            "file_path": "images\\eval_frame_00079.jpg",
            "transform_matrix": [
                [
                    0.5200925793696886,
                    -0.5778731473879258,
                    -0.6289406445862412,
                    -2.4409413287064905
                ],
                [
                    0.28771409532382336,
                    0.8118678607215399,
                    -0.5080267474055125,
                    -2.0770102053711335
                ],
                [
                    0.8041917111215322,
                    0.08326585287741353,
                    0.5885086996026642,
                    1.2044099000089008
                ],
                [
                    0.0,
                    0.0,
                    0.0,
                    1.0
                ]
            ]
        },
        {
            "file_path": "images\\train_frame_00080.jpg",
            "transform_matrix": [
                [
                    0.50008041581722,
                    -0.6207501227151422,
                    -0.603811943294609,
                    -2.520950273643985
                ],
                [
                    0.3864556498208411,
                    0.783949320993894,
                    -0.4858760056174451,
                    -1.8650591358681456
                ],
                [
                    0.7749655530651848,
                    0.009630538009278993,
                    0.631930094472501,
                    1.7102062208858144
                ],
                [
                    0.0,
                    0.0,
                    0.0,
                    1.0
                ]
            ]
        },
        {
            "file_path": "images\\train_frame_00084.jpg",
            "transform_matrix": [
                [
                    0.37075794367875947,
                    -0.9244105757940206,
                    -0.08946303459678379,
                    0.8144982247759575
                ],
                [
                    0.8541508601160208,
                    0.37722073561993114,
                    -0.35795366289705705,
                    -1.2044021750256129
                ],
                [
                    0.3646434633476373,
                    0.05629923603856059,
                    0.9294436726662431,
                    1.929496819595461
                ],
                [
                    0.0,
                    0.0,
                    0.0,
                    1.0
                ]
            ]
        },
        {
            "file_path": "images\\train_frame_00088.jpg",
            "transform_matrix": [
                [
                    0.08843395583034361,
                    -0.9952242343885608,
                    0.04132987710966419,
                    1.3659037324589134
                ],
                [
                    0.9892772291921625,
                    0.09259591580055919,
                    0.11294494313130268,
                    1.0025106388473468
                ],
                [
                    -0.11623252237680416,
                    0.030898538197766882,
                    0.9927412961487836,
                    3.5396118360255766
                ],
                [
                    0.0,
                    0.0,
                    0.0,
                    1.0
                ]
            ]
        },
        {
            "file_path": "images\\eval_frame_00089.jpg",
            "transform_matrix": [
                [
                    -0.0052330973373058256,
                    -0.9992645514501342,
                    0.03798645689480433,
                    1.344076317872102
                ],
                [
                    0.9773462692385094,
                    0.0029265387858532096,
                    0.21162633431664937,
                    1.3839144609158773
                ],
                [
                    -0.2115818628754025,
                    0.03823338313434271,
                    0.976612166479753,
                    2.9489778379246565
                ],
                [
                    0.0,
                    0.0,
                    0.0,
                    1.0
                ]
            ]
        },
        {
            "file_path": "images\\train_frame_00093.jpg",
            "transform_matrix": [
                [
                    -0.3882481327571501,
                    -0.9214708613363319,
                    0.012443436770640644,
                    0.8499108024128055
                ],
                [
                    0.5855845121302772,
                    -0.23625622040605163,
                    0.7754184531416519,
                    2.4943391953698413
                ],
                [
                    -0.711585670572231,
                    0.3083414503882437,
                    0.6313251012028134,
                    0.2651207457888074
                ],
                [
                    0.0,
                    0.0,
                    0.0,
                    1.0
                ]
            ]
        },
        {
            "file_path": "images\\train_frame_00097.jpg",
            "transform_matrix": [
                [
                    -0.5531503707744299,
                    -0.7932469702449888,
                    -0.2545268384851715,
                    -0.033149519384764466
                ],
                [
                    0.010781406940850691,
                    -0.31231532966902065,
                    0.9499173101476285,
                    4.680434836463641
                ],
                [
                    -0.8330116617289854,
                    0.5227029548901333,
                    0.18130965879576527,
                    -0.8796893627915281
                ],
                [
                    0.0,
                    0.0,
                    0.0,
                    1.0
                ]
            ]
        },
        {
            "file_path": "images\\eval_frame_00099.jpg",
            "transform_matrix": [
                [
                    -0.5831655400981741,
                    -0.7360350836845836,
                    -0.3437590848653061,
                    -0.28886257116642794
                ],
                [
                    -0.1929805906875306,
                    -0.28553043832652675,
                    0.9387389735208362,
                    3.432616880211316
                ],
                [
                    -0.7890985011137054,
                    0.6137790517559959,
                    0.02447102706496045,
                    -1.7620775619145062
                ],
                [
                    0.0,
                    0.0,
                    0.0,
                    1.0
                ]
            ]
        },
        {
            "file_path": "images\\train_frame_00102.jpg",
            "transform_matrix": [
                [
                    -0.5339775871131073,
                    -0.6145176736705268,
                    -0.5807202125011907,
