{
    "camera_angle_x": 0.6911112070083618,
    "frames": [
        {
            "file_path": "./train/r_4",
            "rotation": 0.012566370614359171,
            "transform_matrix": [
                [
                    -0.6566542387008667,
                    -0.2367822825908661,
                    0.7160581946372986,
                    2.8865230083465576
                ],
                [
                    0.7541918158531189,
                    -0.20615987479686737,
                    0.623452365398407,
                    2.513216972351074
                ],
                [
                    -1.4901162970204496e-08,
                    0.9494377970695496,
                    0.31395500898361206,
                    1.26559317111969
                ],
                [
                    0.0,
                    0.0,
                    0.0,
                    1.0
                ]
            ]
        },
        {
            "file_path": "./train/r_9",
            "rotation": 0.012566370614359171,
            "transform_matrix": [
                [
                    -0.23337772488594055,
                    0.44256603717803955,
                    -0.8658348917961121,
                    -3.4902923107147217
                ],
                [
                    -0.9723862409591675,
                    -0.1062181368470192,
                    0.2078048586845398,
                    0.8376882672309875
                ],
                [
                    7.450581485102248e-09,
                    0.8904228806495667,
                    0.45513397455215454,
                    1.834703803062439
                ],
                [
                    0.0,
                    0.0,
                    0.0,
                    1.0
                ]
            ]
        },
        {
            "file_path": "./train/r_14",
            "rotation": 0.012566370614359171,
            "transform_matrix": [
                [
                    -0.06348517537117004,
                    0.8717355132102966,
                    -0.48584654927253723,
                    -1.9585098028182983
                ],
                [
                    -0.9979828596115112,
                    -0.05545414239168167,
                    0.030906395986676216,
                    0.12458765506744385
                ],
                [
                    0.0,
                    0.4868285059928894,
                    0.8734976053237915,
                    3.521181106567383
                ],
                [
                    0.0,
                    0.0,
                    0.0,
                    1.0
                ]
            ]
        },
        {
            "file_path": "./train/r_19",
            "rotation": 0.012566370614359171,
            "transform_matrix": [
                [
                    0.5655173063278198,
                    -0.2501452565193176,
                    0.7858863472938538,
                    3.1680095195770264
                ],
                [
                    0.8247364163398743,
                    0.17152325809001923,
                    -0.5388780236244202,
                    -2.1722869873046875
                ],
                [
                    0.0,
                    0.9528940916061401,
                    0.30330324172973633,
                    1.2226545810699463
                ],
                [
                    0.0,
                    0.0,
                    0.0,
                    1.0
                ]
            ]
        },
        {
            "file_path": "./train/r_24",
            "rotation": 0.012566370614359171,
            "transform_matrix": [
                [
                    0.7739522457122803,
                    0.35971799492836,
                    -0.5211533904075623,
                    -2.1008365154266357
                ],
                [
                    -0.633243978023529,
                    0.4396481513977051,
                    -0.6369548439979553,
                    -2.5676472187042236
                ],
                [
                    0.0,
                    0.8229899406433105,
                    0.5680559277534485,
                    2.2899067401885986
                ],
                [
                    0.0,
                    0.0,
                    0.0,
                    1.0
                ]
            ]
        },
        {
            "file_path": "./train/r_29",
            "rotation": 0.012566370614359171,
            "transform_matrix": [
                [
                    0.8931812047958374,
                    0.20586314797401428,
                    -0.3998093008995056,
                    -1.6116830110549927
                ],
                [
                    -0.44969668984413147,
                    0.4088824987411499,
                    -0.7940956354141235,
                    -3.2011020183563232
                ],
                [
                    0.0,
                    0.889064371585846,
                    0.45778220891952515,
                    1.8453792333602905
                ],
                [
                    0.0,
                    0.0,
                    0.0,
                    1.0
                ]
            ]
        },
        {
            "file_path": "./train/r_34",
            "rotation": 0.012566370614359171,
            "transform_matrix": [
                [
                    -0.7566120028495789,
                    0.34157976508140564,
                    -0.5575495362281799,
                    -2.247554063796997
                ],
                [
                    -0.6538640856742859,
                    -0.39525550603866577,
                    0.6451627016067505,
                    2.600733995437622
                ],
                [
                    0.0,
                    0.8526995182037354,
                    0.5224018096923828,
                    2.1058690547943115
                ],
                [
                    0.0,
                    0.0,
                    0.0,
                    1.0
                ]
            ]
        },
        {
            "file_path": "./train/r_39",
            "rotation": 0.012566370614359171,
            "transform_matrix": [
                [
                    -0.9966232776641846,
                    0.07444921880960464,
                    -0.034631188958883286,
                    -0.13960279524326324
                ],
                [
                    -0.0821097195148468,
                    -0.9036424160003662,
                    0.4203430414199829,
                    1.6944570541381836
                ],
                [
                    0.0,
                    0.4217672646045685,
                    0.9067041277885437,
                    3.655041217803955
                ],
                [
                    0.0,
                    0.0,
                    0.0,
                    1.0
                ]
            ]
        },
        {
            "file_path": "./train/r_44",
            "rotation": 0.012566370614359171,
            "transform_matrix": [
                [
                    0.49585968255996704,
                    0.7388697266578674,
                    -0.45628345012664795,
                    -1.8393374681472778
                ],
                [
                    -0.8684027194976807,
                    0.4218961298465729,
                    -0.260538786649704,
                    -1.0502654314041138
                ],
                [
                    0.0,
                    0.5254284143447876,
                    0.850837767124176,
                    3.4298367500305176
                ],
                [
                    0.0,
                    0.0,
                    0.0,
                    1.0
                ]
            ]
        },
        {
            "file_path": "./train/r_49",
            "rotation": 0.012566370614359171,
            "transform_matrix": [
                [
                    0.3739576041698456,
                    -0.8564795851707458,
                    0.35580646991729736,
                    1.434301733970642
                ],
                [
                    0.9274457693099976,
                    0.3453431725502014,
                    -0.1434655785560608,
                    -0.5783282518386841
                ],
                [
                    0.0,
                    0.38364121317863464,
                    0.9234821796417236,
                    3.7226758003234863
                ],
                [
                    0.0,
                    0.0,
                    0.0,
                    1.0
                ]
            ]
        },
        {
            "file_path": "./train/r_54",
            "rotation": 0.012566370614359171,
            "transform_matrix": [
                [
                    -0.30069297552108765,
                    0.47792530059814453,
                    -0.8253308534622192,
                    -3.3270153999328613
                ],
                [
                    -0.9537209868431091,
                    -0.15068219602108002,
                    0.26021361351013184,
                    1.048954725265503
                ],
                [
                    7.450580596923828e-09,
                    0.8653798699378967,
                    0.5011163353919983,
                    2.0200648307800293
                ],
                [
                    0.0,
                    0.0,
                    0.0,
                    1.0
                ]
            ]
        },
        {
            "file_path": "./train/r_59",
            "rotation": 0.012566370614359171,
            "transform_matrix": [
                [
                    -0.28166845440864563,
                    -0.5504832863807678,
                    0.7858948707580566,
                    3.168043851852417
                ],
                [
                    0.9595118761062622,
                    -0.16159653663635254,
                    0.2307025045156479,
                    0.929991602897644
                ],
                [
                    2.980232594040899e-08,
                    0.819057047367096,
                    0.5737119317054749,
                    2.31270694732666
                ],
                [
                    0.0,
                    0.0,
                    0.0,
                    1.0
                ]
            ]
        },
        {
            "file_path": "./train/r_64",
            "rotation": 0.012566370614359171,
            "transform_matrix": [
                [
                    -0.9780508875846863,
                    0.035429153591394424,
                    -0.2053319364786148,
                    -0.8277195692062378
                ],
                [
                    -0.20836611092090607,
                    -0.16630110144615173,
                    0.9638087749481201,
                    3.885237693786621
                ],
                [
                    0.0,
                    0.9854384064674377,
                    0.17003315687179565,
                    0.6854256391525269
                ],
                [
                    0.0,
                    0.0,
                    0.0,
                    1.0
                ]
            ]
        },
        {
            "file_path": "./train/r_69",
            "rotation": 0.012566370614359171,
            "transform_matrix": [
                [
                    0.23253430426120758,
                    0.1524328589439392,
                    -0.9605684876441956,
                    -3.872175693511963
                ],
                [
                    -0.9725881814956665,
                    0.03644489124417305,
                    -0.2296605408191681,
                    -0.925791323184967
                ],
                [
                    0.0,
                    0.9876416325569153,
                    0.1567290723323822,
                    0.6317951679229736
                ],
                [
                    0.0,
                    0.0,
                    0.0,
                    1.0
                ]
            ]
        },
        {
            "file_path": "./train/r_74",
            "rotation": 0.012566370614359171,
            "transform_matrix": [
                [
                    -0.7232142090797424,
                    -0.2793499827384949,
                    0.6316049695014954,
                    2.546081066131592
                ],
                [
                    0.6906238794326782,
                    -0.29253241419792175,
                    0.6614102125167847,
                    2.666229724884033
                ],
                [
                    -1.4901161193847656e-08,
                    0.9145427346229553,
                    0.4044893682003021,
                    1.6305487155914307
                ],
                [
                    0.0,
                    0.0,
                    0.0,
                    1.0
                ]
            ]
        },
        {
            "file_path": "./train/r_79",
            "rotation": 0.012566370614359171,
            "transform_matrix": [
                [
                    -0.9993038773536682,
                    -0.0326223149895668,
                    0.018094748258590698,
                    0.07294226437807083
                ],
                [
                    0.037304628640413284,
                    -0.8738756775856018,
                    0.4847160875797272,
                    1.9539530277252197
                ],
                [
                    0.0,
                    0.48505374789237976,
                    0.8744843602180481,
                    3.5251591205596924
                ],
                [
                    0.0,
                    0.0,
                    0.0,
                    1.0
                ]
            ]
        },
        {
            "file_path": "./train/r_84",
            "rotation": 0.012566370614359171,
            "transform_matrix": [
                [
                    0.9660431146621704,
                    -0.19308900833129883,
                    0.17168912291526794,
                    0.692101001739502
                ],
                [
                    0.25838056206703186,
                    0.721928596496582,
                    -0.641917884349823,
                    -2.587653875350952
                ],
                [
                    0.0,
                    0.6644815802574158,
                    0.7473046779632568,
                    3.012481451034546
                ],
                [
                    0.0,
                    0.0,
                    0.0,
                    1.0
                ]
            ]
        },
        {
            "file_path": "./train/r_89",
            "rotation": 0.012566370614359171,
            "transform_matrix": [
                [
                    0.9958323836326599,
                    0.01890719123184681,
                    -0.08922122418880463,
                    -0.359662264585495
                ],
                [
                    -0.09120257198810577,
                    0.2064458727836609,
                    -0.9741982221603394,
                    -3.9271185398101807
                ],
                [
                    1.862645149230957e-09,
                    0.9782753586769104,
                    0.20730985701084137,
                    0.8356927633285522
                ],
                [
                    0.0,
                    0.0,
                    0.0,
                    1.0
                ]
            ]
        },
        {
            "file_path": "./train/r_94",
            "rotation": 0.012566370614359171,
            "transform_matrix": [
                [
                    -0.47700220346450806,
                    0.4823406934738159,
                    -0.7347218990325928,
                    -2.961758852005005
                ],
                [
                    -0.8789020776748657,
                    -0.2617783844470978,
                    0.39875200390815735,
                    1.6074209213256836
                ],
                [
                    1.4901161193847656e-08,
                    0.8359542489051819,
                    0.5487990379333496,
                    2.212280035018921
                ],
                [
                    0.0,
                    0.0,
                    0.0,
                    1.0
                ]
            ]
        },
        {
            "file_path": "./train/r_99",
            "rotation": 0.012566370614359171,
            "transform_matrix": [
                [
                    0.4406329095363617,
                    -0.730517566204071,
                    0.5217151641845703,
                    2.1031012535095215
                ],
                [
                    0.8976874351501465,
                    0.35857704281806946,
                    -0.25608566403388977,
                    -1.032314419746399
                ],
                [
                    -1.4901161193847656e-08,
                    0.5811769366264343,
                    0.8137771487236023,
                    3.2804408073425293
                ],
                [
                    0.0,
                    0.0,
                    0.0,
                    1.0
                ]
            ]
        }
    ]
}