{
    "fl_x": 1074.452670937213,
    "fl_y": 1072.2149734095053,
    "cx": 1487.9938481094716,
    "cy": 998.8971959995184,
    "w": 3008,
    "h": 2000,
    "camera_model": "OPENCV_FISHEYE",
    "k1": 0.03060524881256097,
    "k2": 0.006503338324805288,
    "k3": 0.0001980286672716662,
    "k4": 0.0001619462046311063,
    "frames": [
        {
            "file_path": "images\\eval_frame_00168.jpg",
            "transform_matrix": [
                [
                    0.28049074100259197,
                    -0.4787078733098414,
                    -0.8319637709918537,
                    -0.8752680149991012
                ],
                [
                    -0.6986386390486498,
                    0.49254204260263384,
                    -0.5189473849024343,
                    -2.108662861250041
                ],
                [
                    0.6582013341220656,
                    0.7268019732361726,
                    -0.19629033460651804,
                    -4.434933014911396
                ],
                [
                    0.0,
                    0.0,
                    0.0,
                    1.0
                ]
            ]
        },
        {
            "file_path": "images\\eval_frame_00158.jpg",
            "transform_matrix": [
                [
                    -0.5211515482158536,
                    -0.8459154155324237,
                    -0.11326152725804857,
                    0.9959581010557701
                ],
                [
                    0.37827789503729087,
                    -0.34790584751790227,
                    0.8578271127616603,
                    3.7899660485186755
                ],
                [
                    -0.7650535261786428,
                    0.4042135957973916,
                    0.5013027738345041,
                    -0.13253627359338313
                ],
                [
                    0.0,
                    0.0,
                    0.0,
                    1.0
                ]
            ]
        },
        {
            "file_path": "images\\eval_frame_00148.jpg",
            "transform_matrix": [
                [
                    -0.011752882349240651,
                    -0.992610497768983,
                    0.12077362905575363,
                    1.1296050642467774
                ],
                [
                    0.9664269809959773,
                    0.019727621034605083,
                    0.2561829646391733,
                    0.4580266594045301
                ],
                [
                    -0.2566724764354094,
                    0.11972978195556391,
                    0.9590537102547422,
                    2.2946000589417452
                ],
                [
                    0.0,
                    0.0,
                    0.0,
                    1.0
                ]
            ]
        },
        {
            "file_path": "images\\eval_frame_00138.jpg",
            "transform_matrix": [
                [
                    0.050155717064777096,
                    -0.7655390963661837,
                    0.6414314429310155,
                    0.3741919845957994
                ],
                [
                    0.9986809360170855,
                    0.04550968049950269,
                    -0.023775134423830828,
                    1.0123896597928592
                ],
                [
                    -0.010990545107321519,
                    0.6417778127324751,
                    0.7668118719754955,
                    3.7057405042454956
                ],
                [
                    0.0,
                    0.0,
                    0.0,
                    1.0
                ]
            ]
        },
        {
            "file_path": "images\\train_frame_00137.jpg",
            "transform_matrix": [
                [
                    -0.02384388623754701,
                    -0.8038862050460709,
                    0.5943050045437253,
                    0.3346947436125452
                ],
                [
                    0.9832517988267288,
                    0.08858611147902883,
                    0.15927460863875045,
                    1.928629902118275
                ],
                [
                    -0.1806858300838584,
                    0.5881491904182573,
                    0.7883103199992092,
                    3.9403223381962005
                ],
                [
                    0.0,
                    0.0,
                    0.0,
                    1.0
                ]
            ]
        },
        {
            "file_path": "images\\train_frame_00136.jpg",
            "transform_matrix": [
                [
                    -0.026398254425177244,
                    -0.8759053960498338,
                    0.48176017823610895,
                    0.5214259710911942
                ],
                [
                    0.97123970881114,
                    0.09160823611248371,
                    0.21977570180711836,
                    2.162050348771175
                ],
                [
                    -0.23663592329093985,
                    0.47370631011961756,
                    0.8482958042812078,
                    4.161990180922439
                ],
                [
                    0.0,
                    0.0,
                    0.0,
                    1.0
                ]
            ]
        },
        {
            "file_path": "images\\eval_frame_00128.jpg",
            "transform_matrix": [
                [
                    0.3230041887297074,
                    -0.9452915176669495,
                    -0.0457410175879261,
                    1.1962161293449318
                ],
                [
                    0.8492064718544959,
                    0.31082852983478376,
                    -0.4268887363250362,
                    -2.7577973838929153
                ],
                [
                    0.4177519146856217,
                    0.09904328178964111,
                    0.903146591705264,
                    3.578781282078476
                ],
                [
                    0.0,
                    0.0,
                    0.0,
                    1.0
                ]
            ]
        },
        {
            "file_path": "images\\train_frame_00059.jpg",
            "transform_matrix": [
                [
                    0.1497357875884789,
                    -0.37165869571561716,
                    -0.9162144988015765,
                    -4.072966944713352
                ],
                [
                    -0.6935419618565801,
                    0.6209677444517878,
                    -0.3652377410599628,
                    -0.39362591324166346
                ],
                [
                    0.7046834332233043,
                    0.6901223617949391,
                    -0.16477980668513678,
                    -2.119123450613645
                ],
                [
                    0.0,
                    0.0,
                    0.0,
                    1.0
                ]
            ]
        },
        {
            "file_path": "images\\train_frame_00058.jpg",
            "transform_matrix": [
                [
                    0.13241077388679043,
                    -0.19313436127667588,
                    -0.972196742153023,
                    -4.256925329747364
                ],
                [
                    -0.7641597249855353,
                    0.6048000797265524,
                    -0.2242248386615252,
                    0.0074100138910474745
                ],
                [
                    0.6312901881613023,
                    0.7726033795273007,
                    -0.06750345379505618,
                    -2.096224111432774
                ],
                [
                    0.0,
                    0.0,
                    0.0,
                    1.0
                ]
            ]
        },
        {
            "file_path": "images\\train_frame_00057.jpg",
            "transform_matrix": [
                [
                    0.033343367889954234,
                    -0.0232583852435756,
                    -0.999173291943703,
                    -4.094801950686084
                ],
                [
                    -0.8284391676979033,
                    0.5586020278729906,
                    -0.040648737744082473,
                    0.3172037663721428
                ],
                [
                    0.5590856510784012,
                    0.8291096561806791,
                    -0.0006424843937410359,
                    -2.1768204565912157
                ],
                [
                    0.0,
                    0.0,
                    0.0,
                    1.0
                ]
            ]
        },
        {
            "file_path": "images\\train_frame_00056.jpg",
            "transform_matrix": [
                [
                    -0.04175851287439384,
                    -0.031278764389424674,
                    -0.9986380052355257,
                    -3.712271104165201
                ],
                [
                    -0.9409118263112216,
                    0.3374268487948404,
                    0.028775976439820466,
                    0.8568993365320507
                ],
                [
                    0.3360671982062521,
                    0.9408319513125895,
                    -0.04352100273597725,
                    -2.411730119382905
                ],
                [
                    0.0,
                    0.0,
                    0.0,
                    1.0
                ]
            ]
        },
        {
            "file_path": "images\\eval_frame_00050.jpg",
            "transform_matrix": [
                [
                    -0.19881306231890167,
                    -0.7110372207438997,
                    -0.6744623317637325,
                    -0.35549466433823307
                ],
                [
                    -0.976236118717673,
                    0.20423901431430935,
                    0.07245319553320537,
                    0.8498590141302353
                ],
                [
                    0.08623460304561074,
                    0.6728391306610444,
                    -0.7347456005236479,
                    -3.9010215206703323
                ],
                [
                    0.0,
                    0.0,
                    0.0,
                    1.0
                ]
            ]
        },
        {
            "file_path": "images\\train_frame_00047.jpg",
            "transform_matrix": [
                [
                    -0.25838393217417566,
                    -0.46256048897380114,
                    -0.8481011364421868,
                    -3.0086536141868327
                ],
                [
                    -0.9659517766913966,
                    0.11168903096081408,
                    0.23337250367120824,
                    1.9279669266297292
                ],
                [
                    -0.013225305325201296,
                    0.8795245047202221,
                    -0.47566977715186287,
                    -2.064523389959182
                ],
                [
                    0.0,
                    0.0,
                    0.0,
                    1.0
                ]
            ]
        },
        {
            "file_path": "images\\train_frame_00046.jpg",
            "transform_matrix": [
                [
                    -0.3804698792795795,
                    -0.3664457307920803,
                    -0.849093750621944,
                    -3.1578281584529533
                ],
                [
                    -0.9142293492194126,
                    0.010657583565759311,
                    0.40505692555292455,
                    2.4885428731934307
                ],
                [
                    -0.1393820934942173,
                    0.9303783866238494,
                    -0.33907033151895183,
                    -1.5617246210934794
                ],
                [
                    0.0,
                    0.0,
                    0.0,
                    1.0
                ]
            ]
        },
        {
            "file_path": "images\\train_frame_00045.jpg",
            "transform_matrix": [
                [
                    -0.4698478961859257,
                    -0.2937182206662666,
                    -0.8324497349980369,
                    -3.234217833488261
                ],
                [
                    -0.8407194170888684,
                    -0.13862160826570077,
                    0.5234261279794727,
                    3.024267059389707
                ],
                [
                    -0.26913531202614843,
                    0.9457873210032329,
                    -0.181803540257374,
                    -1.3483416979067784
                ],
                [
                    0.0,
                    0.0,
                    0.0,
                    1.0
                ]
            ]
        },
        {
            "file_path": "images\\train_frame_00044.jpg",
            "transform_matrix": [
                [
                    -0.4960231874779237,
                    -0.28587964871138954,
                    -0.8198986668710306,
                    -3.2291224175131727
                ],
                [
                    -0.7326512786341745,
                    -0.3689905966468476,
                    0.5718986304424175,
                    3.559763006576928
                ],
                [
                    -0.4660290778480995,
                    0.8843747882198226,
                    -0.02642219826573804,
                    -1.369497332390742
                ],
                [
                    0.0,
                    0.0,
                    0.0,
                    1.0
                ]
            ]
        },
        {
            "file_path": "images\\train_frame_00043.jpg",
            "transform_matrix": [
                [
                    -0.537955652166102,
                    -0.4317051704908792,
                    -0.7240403041778717,
                    -2.7033106909423297
                ],
                [
                    -0.5643754633176451,
                    -0.4535579578863531,
                    0.6897575771551586,
                    3.827985406593738
                ],
                [
                    -0.6261661542334729,
                    0.7796895693860487,
                    0.0003502614174654194,
                    -1.3133159435271349
                ],
                [
                    0.0,
                    0.0,
                    0.0,
                    1.0
                ]
            ]
        },
        {
            "file_path": "images\\eval_frame_00040.jpg",
            "transform_matrix": [
                [
                    -0.5645714291564157,
                    -0.7694487653116248,
                    -0.2986765791633122,
                    0.946836799766623
                ],
                [
                    -0.30074311160995526,
                    -0.14521689515608713,
                    0.9425845501494218,
                    3.5029576239433906
                ],
                [
                    -0.7686434037962234,
                    0.621981230361208,
                    -0.14942110586832677,
                    -2.604045203993824
                ],
                [
                    0.0,
                    0.0,
                    0.0,
                    1.0
                ]
            ]
        },
        {
            "file_path": "images\\train_frame_00032.jpg",
            "transform_matrix": [
                [
                    -0.5382846163802358,
                    -0.7619602409212747,
                    -0.3600920202164651,
                    -1.4479096164993006
                ],
                [
                    0.1765024669974171,
                    -0.5197255643806783,
                    0.8359020378447531,
                    3.5822069206465756
                ],
                [
                    -0.8240731465787537,
                    0.3863960778584304,
                    0.4142481383222062,
                    0.41737451702464673
                ],
                [
                    0.0,
                    0.0,
                    0.0,
                    1.0
                ]
            ]
        },
        {
            "file_path": "images\\train_frame_00031.jpg",
            "transform_matrix": [
                [
                    -0.4901283329409009,
                    -0.788797535806762,
                    -0.37090789254713014,
                    -1.4381452785212345
                ],
                [
                    0.3560303743014303,
                    -0.5695752899309884,
                    0.7408281593425117,
                    3.8425237027611785
                ],
                [
                    -0.7956233969808558,
                    0.231046394919312,
                    0.5600008692595331,
                    0.9266309692396067
                ],
                [
                    0.0,
                    0.0,
                    0.0,
                    1.0
                ]
            ]
        },
        {
            "file_path": "images\\eval_frame_00030.jpg",
            "transform_matrix": [
                [
                    -0.4151260996535848,
                    -0.8399786620915933,
                    -0.34943693081473054,
                    -0.9340689524105696
                ],
                [
                    0.5274231255671059,
                    -0.5351663431574767,
                    0.6598650102623099,
                    3.7722133760357255
                ],
                [
                    -0.7412794129094821,
                    0.08962606976918386,
                    0.6651856880708594,
                    1.1576917734431664
                ],
                [
                    0.0,
                    0.0,
                    0.0,
                    1.0
                ]
            ]
        },
        {
            "file_path": "images\\train_frame_00008.jpg",
            "transform_matrix": [
                [
                    0.22011578463081938,
                    -0.9752681410470194,
                    0.020027341687056166,
                    -0.11016541184589976
                ],
                [
                    0.9639944979939165,
                    0.21433920053411357,
                    -0.15739540956410958,
                    -0.9455250454863792
                ],
                [
                    0.14921008408889624,
                    0.053951461269259496,
                    0.9873325633407906,
                    4.659966288443019
                ],
                [
                    0.0,
                    0.0,
                    0.0,
                    1.0
                ]
            ]
        },
        {
            "file_path": "images\\train_frame_00007.jpg",
            "transform_matrix": [
                [
                    0.26702445245053447,
                    -0.9628073264110241,
                    -0.04123098352874491,
                    -0.9200340530314313
                ],
                [
                    0.9293842896536265,
                    0.2685970626590342,
                    -0.2531806866172125,
                    -1.3308862767156902
                ],
                [
                    0.2548387410471897,
                    0.029286005876428583,
                    0.9665399867161675,
                    4.918841795648481
                ],
                [
                    0.0,
                    0.0,
                    0.0,
                    1.0
                ]
            ]
        },
        {
            "file_path": "images\\train_frame_00006.jpg",
            "transform_matrix": [
                [
                    0.37179103720264034,
                    -0.8999685146873565,
                    -0.22765785123122403,
                    -1.0855737228032638
                ],
                [
                    0.8530275397901838,
                    0.4279505499741713,
                    -0.29866761313592555,
                    -1.8997126019039356
                ],
                [
                    0.3662177508194973,
                    -0.08315647508304802,
                    0.9268061068187192,
                    4.476333295072716
                ],
                [
                    0.0,
                    0.0,
                    0.0,
                    1.0
                ]
            ]
        },
        {
            "file_path": "images\\eval_frame_00004.jpg",
            "transform_matrix": [
                [
                    0.4141326787281254,
                    -0.8998356305998058,
                    -0.13707648344087672,
                    1.039748417703085
                ],
                [
                    0.7057027883036064,
                    0.41253461902408006,
                    -0.5760197589381568,
                    -2.948390826160483
                ],
                [
                    0.5748718978955072,
                    0.14181334919430807,
                    0.8058605803737461,
                    2.9475688362364028
                ],
                [
                    0.0,
                    0.0,
                    0.0,
                    1.0
                ]
            ]
        },
        {
            "file_path": "images\\eval_frame_00020.jpg",
            "transform_matrix": [
                [
                    -0.18394662623769106,
                    -0.9730791535716155,
                    -0.13885459869993408,
                    0.35459773715178816
                ],
                [
                    0.8622978829509959,
                    -0.22755966217038182,
                    0.4523924858031268,
                    2.812574375396124
                ],
                [
                    -0.4718114027384265,
                    -0.03651795499819556,
                    0.8809429261925815,
                    2.3877311445260365
                ],
                [
                    0.0,
                    0.0,
                    0.0,
                    1.0
                ]
            ]
        },
        {
            "file_path": "images\\eval_frame_00060.jpg",
            "transform_matrix": [
                [
                    0.192409568212097,
                    -0.49784696847277354,
                    -0.8456517924316743,
                    -3.307103752812629
                ],
                [
                    -0.6536530715264418,
                    0.5777294618952475,
                    -0.4888418260974358,
                    -0.7694938147690679
                ],
                [
                    0.731926376177606,
                    0.6468207362482254,
                    -0.21425852378568408,
                    -2.259375653278128
                ],
                [
                    0.0,
                    0.0,
                    0.0,
                    1.0
                ]
            ]
        },
        {
            "file_path": "images\\train_frame_00067.jpg",
            "transform_matrix": [
                [
                    0.3895719251920026,
                    -0.395421410845497,
                    -0.8317906124423102,
                    -3.8770692000686173
                ],
                [
                    -0.37589633744023115,
                    0.7562304014169061,
                    -0.5355534739611394,
                    -2.000705830729883
                ],
                [
                    0.8407946589989832,
                    0.5213036426285373,
                    0.14596867328643387,
                    -1.001505057462321
                ],
                [
                    0.0,
                    0.0,
                    0.0,
                    1.0
                ]
            ]
        },
        {
            "file_path": "images\\train_frame_00068.jpg",
            "transform_matrix": [
                [
                    0.39506158285562976,
                    -0.3863233269670419,
                    -0.8334750342948012,
                    -4.193116224176387
                ],
                [
                    -0.22052735352362557,
                    0.8408668013383039,
                    -0.49427796709438204,
                    -1.766581360656607
                ],
                [
                    0.8917925947772106,
                    0.3790742795920152,
                    0.24699930860697675,
                    -0.21457999364211675
                ],
                [
                    0.0,
                    0.0,
                    0.0,
                    1.0
                ]
            ]
        },
        {
            "file_path": "images\\train_frame_00069.jpg",
            "transform_matrix": [
                [
                    0.418762169601362,
                    -0.45139657532777605,
                    -0.7879589945505512,
                    -4.101293659265697
                ],
                [
                    -0.07694273496301929,
                    0.8469470620447204,
                    -0.526080307206254,
                    -1.573954849841631
                ],
                [
                    0.9048304044665886,
                    0.28093025090967233,
                    0.319937702180687,
                    0.3021246509759042
                ],
                [
                    0.0,
                    0.0,
                    0.0,
                    1.0
                ]
            ]
        },
        {
            "file_path": "images\\eval_frame_00070.jpg",
            "transform_matrix": [
                [
                    0.47799115449732577,
                    -0.6248877516710547,
                    -0.6172841760759851,
                    -3.5869281378504128
                ],
                [
                    0.11778042013794315,
                    0.7420166059449862,
                    -0.6599538840964669,
                    -1.577320061444207
                ],
                [
                    0.8704322080750707,
                    0.24274812937153084,
                    0.4282769160627027,
                    0.694954901167596
                ],
                [
                    0.0,
                    0.0,
                    0.0,
                    1.0
                ]
            ]
        },
        {
            "file_path": "images\\train_frame_00071.jpg",
            "transform_matrix": [
                [
                    0.48815052219145977,
                    -0.7136366301921042,
                    -0.5024259425350792,
                    -2.7728748344873315
                ],
                [
                    0.21585806016306677,
                    0.6565110568483656,
                    -0.7227714231335376,
                    -1.7292969773282427
                ],
                [
                    0.8456443493259106,
                    0.24436855829647844,
                    0.47452043387957255,
                    0.8652031651906136
                ],
                [
                    0.0,
                    0.0,
                    0.0,
                    1.0
                ]
            ]
        },
        {
            "file_path": "images\\train_frame_00079.jpg",
            "transform_matrix": [
                [
                    0.5200925793696886,
                    -0.5778731473879258,
                    -0.6289406445862412,
                    -2.4409413287064905
                ],
                [
                    0.28771409532382336,
                    0.8118678607215399,
                    -0.5080267474055125,
                    -2.0770102053711335
                ],
                [
                    0.8041917111215322,
                    0.08326585287741353,
                    0.5885086996026642,
                    1.2044099000089008
                ],
                [
                    0.0,
                    0.0,
                    0.0,
                    1.0
                ]
            ]
        },
        {
            "file_path": "images\\eval_frame_00080.jpg",
            "transform_matrix": [
                [
                    0.50008041581722,
                    -0.6207501227151422,
                    -0.603811943294609,
                    -2.520950273643985
                ],
                [
                    0.3864556498208411,
                    0.783949320993894,
                    -0.4858760056174451,
                    -1.8650591358681456
                ],
                [
                    0.7749655530651848,
                    0.009630538009278993,
                    0.631930094472501,
                    1.7102062208858144
                ],
                [
                    0.0,
                    0.0,
                    0.0,
                    1.0
                ]
            ]
        },
        {
            "file_path": "images\\eval_frame_00090.jpg",
            "transform_matrix": [
                [
                    -0.10429126614755235,
                    -0.9915726725994818,
                    0.0768567938393314,
                    1.3820780549254716
                ],
                [
                    0.9379977911597751,
                    -0.07238047423817151,
                    0.3390003108087665,
                    1.602700944233414
                ],
                [
                    -0.33058051301418745,
                    0.10744627449557512,
                    0.937641627975368,
                    2.2587049190427364
                ],
                [
                    0.0,
                    0.0,
                    0.0,
                    1.0
                ]
            ]
        },
        {
            "file_path": "images\\eval_frame_00100.jpg",
            "transform_matrix": [
                [
                    -0.5717935761296598,
                    -0.7107871558892273,
                    -0.4096751460849901,
                    -0.3392493129800827
                ],
                [
                    -0.36512605379833896,
                    -0.2266969255940612,
                    0.9029349194509271,
                    2.9224728596925895
                ],
                [
                    -0.7346666394593583,
                    0.6658754560344627,
                    -0.12990306353735057,
                    -1.9834261758722016
                ],
                [
                    0.0,
                    0.0,
                    0.0,
                    1.0
                ]
            ]
        },
        {
            "file_path": "images\\eval_frame_00110.jpg",
            "transform_matrix": [
                [
                    -0.00338807013840678,
                    -0.48801620992431216,
                    -0.8728279898306693,
                    -1.7668621626178724
                ],
                [
                    -0.9174415597852684,
                    0.3487809038216748,
                    -0.1914493810596132,
                    0.26509718819522526
                ],
                [
                    0.3978561365110643,
                    0.8001200284835052,
                    -0.44890804699854076,
                    -3.015058020132481
                ],
                [
                    0.0,
                    0.0,
                    0.0,
                    1.0
                ]
            ]
        },
        {
            "file_path": "images\\eval_frame_00120.jpg",
            "transform_matrix": [
                [
                    0.40699201753435377,
                    -0.7479582037033637,
                    -0.5243243492115864,
                    -0.9357192302949299
                ],
                [
                    0.06598661920104365,
                    0.5965912000972181,
                    -0.7998279227765039,
                    -1.6462437465256774
                ],
                [
                    0.9110451491280399,
                    0.2909251888018608,
                    0.2921630893368786,
                    -0.9407514641007448
                ],
                [
                    0.0,
                    0.0,
                    0.0,
                    1.0
                ]
            ]
        }
    ]
}