{
    "camera_angle_x": 0.6911112070083618,
    "frames": [
        {
            "file_path": "./train/r_7",
            "rotation": 0.012566370614359171,
            "transform_matrix": [
                [
                    0.9045065641403198,
                    0.42524266242980957,
                    -0.03219788148999214,
                    -0.12979382276535034
                ],
                [
                    -0.426459938287735,
                    0.9019248485565186,
                    -0.0682905837893486,
                    -0.2752881646156311
                ],
                [
                    0.0,
                    0.07550014555454254,
                    0.9971457123756409,
                    4.019623279571533
                ],
                [
                    0.0,
                    0.0,
                    0.0,
                    1.0
                ]
            ]
        },
        {
            "file_path": "./train/r_18",
            "rotation": 0.012566370614359171,
            "transform_matrix": [
                [
                    -0.09750017523765564,
                    -0.9662679433822632,
                    0.23836953938007355,
                    0.9608983993530273
                ],
                [
                    0.9952355623245239,
                    -0.09466230124235153,
                    0.023352332413196564,
                    0.09413626790046692
                ],
                [
                    -1.862645371275562e-09,
                    0.23951061069965363,
                    0.9708936214447021,
                    3.913797616958618
                ],
                [
                    0.0,
                    0.0,
                    0.0,
                    1.0
                ]
            ]
        },
        {
            "file_path": "./train/r_37",
            "rotation": 0.012566370614359171,
            "transform_matrix": [
                [
                    -0.46346595883369446,
                    -0.8589088916778564,
                    0.21788737177848816,
                    0.8783321380615234
                ],
                [
                    0.886114776134491,
                    -0.4492363929748535,
                    0.11396195739507675,
                    0.4593953788280487
                ],
                [
                    0.0,
                    0.24589067697525024,
                    0.969297468662262,
                    3.9073634147644043
                ],
                [
                    0.0,
                    0.0,
                    0.0,
                    1.0
                ]
            ]
        },
        {
            "file_path": "./train/r_47",
            "rotation": 0.012566370614359171,
            "transform_matrix": [
                [
                    -0.9168165326118469,
                    -0.3853738605976105,
                    0.1045677587389946,
                    0.42152610421180725
                ],
                [
                    0.3993086814880371,
                    -0.8848220705986023,
                    0.2400885820388794,
                    0.9678280353546143
                ],
                [
                    -7.450580596923828e-09,
                    0.26187196373939514,
                    0.9651026129722595,
                    3.8904531002044678
                ],
                [
                    0.0,
                    0.0,
                    0.0,
                    1.0
                ]
            ]
        },
        {
            "file_path": "./train/r_48",
            "rotation": 0.012566370614359171,
            "transform_matrix": [
                [
                    0.9999156594276428,
                    -0.012454097159206867,
                    0.003698349464684725,
                    0.014908524230122566
                ],
                [
                    0.012991628609597683,
                    0.9585440158843994,
                    -0.28464773297309875,
                    -1.1474518775939941
                ],
                [
                    0.0,
                    0.2846718430519104,
                    0.9586249589920044,
                    3.8643410205841064
                ],
                [
                    0.0,
                    0.0,
                    0.0,
                    1.0
                ]
            ]
        },
        {
            "file_path": "./train/r_56",
            "rotation": 0.012566370614359171,
            "transform_matrix": [
                [
                    -0.5703680515289307,
                    0.8067229390144348,
                    -0.15452639758586884,
                    -0.6229158639907837
                ],
                [
                    -0.8213893175125122,
                    -0.5601838231086731,
                    0.10730224847793579,
                    0.43254923820495605
                ],
                [
                    -7.450581485102248e-09,
                    0.18812799453735352,
                    0.9821444153785706,
                    3.959151029586792
                ],
                [
                    0.0,
                    0.0,
                    0.0,
                    1.0
                ]
            ]
        },
        {
            "file_path": "./train/r_62",
            "rotation": 0.012566370614359171,
            "transform_matrix": [
                [
                    -0.26151391863822937,
                    0.9203336238861084,
                    -0.2908549904823303,
                    -1.1724741458892822
                ],
                [
                    -0.9651997685432434,
                    -0.24935775995254517,
                    0.07880505919456482,
                    0.31767338514328003
                ],
                [
                    0.0,
                    0.3013418912887573,
                    0.9535161256790161,
                    3.8437466621398926
                ],
                [
                    0.0,
                    0.0,
                    0.0,
                    1.0
                ]
            ]
        },
        {
            "file_path": "./train/r_82",
            "rotation": 0.012566370614359171,
            "transform_matrix": [
                [
                    -0.9460079073905945,
                    0.30761945247650146,
                    -0.10217288136482239,
                    -0.4118720591068268
                ],
                [
                    -0.32414352893829346,
                    -0.8977826833724976,
                    0.2981899678707123,
                    1.2020422220230103
                ],
                [
                    -7.450580596923828e-09,
                    0.31520867347717285,
                    0.9490223526954651,
                    3.8256313800811768
                ],
                [
                    0.0,
                    0.0,
                    0.0,
                    1.0
                ]
            ]
        },
        {
            "file_path": "./train/r_88",
            "rotation": 0.012566370614359171,
            "transform_matrix": [
                [
                    -0.9978623390197754,
                    0.06534235179424286,
                    -0.0011283498024567962,
                    -0.00454852357506752
                ],
                [
                    -0.06535211205482483,
                    -0.9977134466171265,
                    0.01722879149019718,
                    0.0694514811038971
                ],
                [
                    1.1641533570472262e-10,
                    0.01726444624364376,
                    0.9998509287834167,
                    4.0305280685424805
                ],
                [
                    0.0,
                    0.0,
                    0.0,
                    1.0
                ]
            ]
        },
        {
            "file_path": "./train/r_91",
            "rotation": 0.012566370614359171,
            "transform_matrix": [
                [
                    0.9833629727363586,
                    -0.17399616539478302,
                    0.0521787591278553,
                    0.21033930778503418
                ],
                [
                    0.1816515475511551,
                    0.941920816898346,
                    -0.2824675142765045,
                    -1.1386629343032837
                ],
                [
                    7.450580152834618e-09,
                    0.2872464954853058,
                    0.9578567147254944,
                    3.861243963241577
                ],
                [
                    0.0,
                    0.0,
                    0.0,
                    1.0
                ]
            ]
        }
    ]
}