{
    "camera_angle_x": 0.6911112070083618,
    "frames": [
        {
            "file_path": "./train/r_0",
            "rotation": 0.012566370614359171,
            "transform_matrix": [
                [
                    -0.9999021887779236,
                    0.004192245192825794,
                    -0.013345719315111637,
                    -0.05379832163453102
                ],
                [
                    -0.013988681137561798,
                    -0.2996590733528137,
                    0.95394366979599,
                    3.845470428466797
                ],
                [
                    -4.656612873077393e-10,
                    0.9540371894836426,
                    0.29968830943107605,
                    1.2080823183059692
                ],
                [
                    0.0,
                    0.0,
                    0.0,
                    1.0
                ]
            ]
        },
        {
            "file_path": "./train/r_10",
            "rotation": 0.012566370614359171,
            "transform_matrix": [
                [
                    0.5218667387962341,
                    0.18684424459934235,
                    -0.8323126435279846,
                    -3.3551595211029053
                ],
                [
                    -0.8530270457267761,
                    0.1143079623579979,
                    -0.509194016456604,
                    -2.052626848220825
                ],
                [
                    -7.450580596923828e-09,
                    0.9757166504859924,
                    0.21903668344020844,
                    0.882965087890625
                ],
                [
                    0.0,
                    0.0,
                    0.0,
                    1.0
                ]
            ]
        },
        {
            "file_path": "./train/r_17",
            "rotation": 0.012566370614359171,
            "transform_matrix": [
                [
                    0.28662192821502686,
                    -0.25357696413993835,
                    0.9238758683204651,
                    3.7242627143859863
                ],
                [
                    0.95804363489151,
                    0.07586367428302765,
                    -0.27639979124069214,
                    -1.1142032146453857
                ],
                [
                    0.0,
                    0.9643357992172241,
                    0.26468199491500854,
                    1.066967248916626
                ],
                [
                    0.0,
                    0.0,
                    0.0,
                    1.0
                ]
            ]
        },
        {
            "file_path": "./train/r_32",
            "rotation": 0.012566370614359171,
            "transform_matrix": [
                [
                    6.262858369154856e-05,
                    0.21157889068126678,
                    -0.9773608446121216,
                    -3.9398677349090576
                ],
                [
                    -1.0,
                    1.3250886695459485e-05,
                    -6.121072510723025e-05,
                    -0.0002467483573127538
                ],
                [
                    0.0,
                    0.9773607850074768,
                    0.21157889068126678,
                    0.8529018759727478
                ],
                [
                    0.0,
                    0.0,
                    0.0,
                    1.0
                ]
            ]
        },
        {
            "file_path": "./train/r_41",
            "rotation": 0.012566370614359171,
            "transform_matrix": [
                [
                    -0.994414210319519,
                    0.02083449251949787,
                    -0.10347140580415726,
                    -0.41710659861564636
                ],
                [
                    -0.10554812848567963,
                    -0.19629065692424774,
                    0.9748484492301941,
                    3.9297399520874023
                ],
                [
                    3.7252898543727042e-09,
                    0.9803244471549988,
                    0.1973932385444641,
                    0.7957176566123962
                ],
                [
                    0.0,
                    0.0,
                    0.0,
                    1.0
                ]
            ]
        },
        {
            "file_path": "./train/r_51",
            "rotation": 0.012566370614359171,
            "transform_matrix": [
                [
                    -0.8471797108650208,
                    0.14040516316890717,
                    -0.5124186873435974,
                    -2.0656259059906006
                ],
                [
                    -0.5313065052032471,
                    -0.22387906908988953,
                    0.8170626759529114,
                    3.2936851978302
                ],
                [
                    7.450580596923828e-09,
                    0.9644504189491272,
                    0.26426392793655396,
                    1.0652819871902466
                ],
                [
                    0.0,
                    0.0,
                    0.0,
                    1.0
                ]
            ]
        },
        {
            "file_path": "./train/r_55",
            "rotation": 0.012566370614359171,
            "transform_matrix": [
                [
                    0.933196485042572,
                    -0.07844070345163345,
                    0.3507015109062195,
                    1.413723111152649
                ],
                [
                    0.35936683416366577,
                    0.2036931961774826,
                    -0.9106944799423218,
                    -3.6711270809173584
                ],
                [
                    0.0,
                    0.9758873581886292,
                    0.21827472746372223,
                    0.8798936009407043
                ],
                [
                    0.0,
                    0.0,
                    0.0,
                    1.0
                ]
            ]
        },
        {
            "file_path": "./train/r_60",
            "rotation": 0.012566370614359171,
            "transform_matrix": [
                [
                    -0.7199268341064453,
                    0.1475599855184555,
                    -0.6781823635101318,
                    -2.7338404655456543
                ],
                [
                    -0.6940498948097229,
                    -0.1530616134405136,
                    0.7034677267074585,
                    2.8357691764831543
                ],
                [
                    0.0,
                    0.9771378040313721,
                    0.21260714530944824,
                    0.8570468425750732
                ],
                [
                    0.0,
                    0.0,
                    0.0,
                    1.0
                ]
            ]
        },
        {
            "file_path": "./train/r_78",
            "rotation": 0.012566370614359171,
            "transform_matrix": [
                [
                    -0.6693150401115417,
                    0.18098634481430054,
                    -0.7205979228019714,
                    -2.904823064804077
                ],
                [
                    -0.7429786920547485,
                    -0.16304218769073486,
                    0.6491532325744629,
                    2.6168203353881836
                ],
                [
                    7.450580152834618e-09,
                    0.9698768854141235,
                    0.24359561502933502,
                    0.9819653034210205
                ],
                [
                    0.0,
                    0.0,
                    0.0,
                    1.0
                ]
            ]
        },
        {
            "file_path": "./train/r_89",
            "rotation": 0.012566370614359171,
            "transform_matrix": [
                [
                    0.9958323836326599,
                    0.01890719123184681,
                    -0.08922122418880463,
                    -0.359662264585495
                ],
                [
                    -0.09120257198810577,
                    0.2064458727836609,
                    -0.9741982221603394,
                    -3.9271185398101807
                ],
                [
                    1.862645149230957e-09,
                    0.9782753586769104,
                    0.20730985701084137,
                    0.8356927633285522
                ],
                [
                    0.0,
                    0.0,
                    0.0,
                    1.0
                ]
            ]
        }
    ]
}