{
    "fl_x": 1074.452670937213,
    "fl_y": 1072.2149734095053,
    "cx": 1487.9938481094716,
    "cy": 998.8971959995184,
    "w": 3008,
    "h": 2000,
    "camera_model": "OPENCV_FISHEYE",
    "k1": 0.03060524881256097,
    "k2": 0.006503338324805288,
    "k3": 0.0001980286672716662,
    "k4": 0.0001619462046311063,
    "frames": [
        {
            "file_path": "images\\eval_frame_00168.jpg",
            "transform_matrix": [
                [
                    0.28049074100259197,
                    -0.4787078733098414,
                    -0.8319637709918537,
                    -0.8752680149991012
                ],
                [
                    -0.6986386390486498,
                    0.49254204260263384,
                    -0.5189473849024343,
                    -2.108662861250041
                ],
                [
                    0.6582013341220656,
                    0.7268019732361726,
                    -0.19629033460651804,
                    -4.434933014911396
                ],
                [
                    0.0,
                    0.0,
                    0.0,
                    1.0
                ]
            ]
        },
        {
            "file_path": "images\\eval_frame_00158.jpg",
            "transform_matrix": [
                [
                    -0.5211515482158536,
                    -0.8459154155324237,
                    -0.11326152725804857,
                    0.9959581010557701
                ],
                [
                    0.37827789503729087,
                    -0.34790584751790227,
                    0.8578271127616603,
                    3.7899660485186755
                ],
                [
                    -0.7650535261786428,
                    0.4042135957973916,
                    0.5013027738345041,
                    -0.13253627359338313
                ],
                [
                    0.0,
                    0.0,
                    0.0,
                    1.0
                ]
            ]
        },
        {
            "file_path": "images\\train_frame_00152.jpg",
            "transform_matrix": [
                [
                    -0.3592724978354493,
                    -0.8289291931751767,
                    0.4287186315067584,
                    0.4953163152993745
                ],
                [
                    0.5867877051221407,
                    0.15656725823733633,
                    0.794460120311608,
                    3.1148908530338355
                ],
                [
                    -0.725674487230031,
                    0.5369944937799584,
                    0.4301551490258339,
                    0.4876872509267849
                ],
                [
                    0.0,
                    0.0,
                    0.0,
                    1.0
                ]
            ]
        },
        {
            "file_path": "images\\eval_frame_00148.jpg",
            "transform_matrix": [
                [
                    -0.011752882349240651,
                    -0.992610497768983,
                    0.12077362905575363,
                    1.1296050642467774
                ],
                [
                    0.9664269809959773,
                    0.019727621034605083,
                    0.2561829646391733,
                    0.4580266594045301
                ],
                [
                    -0.2566724764354094,
                    0.11972978195556391,
                    0.9590537102547422,
                    2.2946000589417452
                ],
                [
                    0.0,
                    0.0,
                    0.0,
                    1.0
                ]
            ]
        },
        {
            "file_path": "images\\eval_frame_00138.jpg",
            "transform_matrix": [
                [
                    0.050155717064777096,
                    -0.7655390963661837,
                    0.6414314429310155,
                    0.3741919845957994
                ],
                [
                    0.9986809360170855,
                    0.04550968049950269,
                    -0.023775134423830828,
                    1.0123896597928592
                ],
                [
                    -0.010990545107321519,
                    0.6417778127324751,
                    0.7668118719754955,
                    3.7057405042454956
                ],
                [
                    0.0,
                    0.0,
                    0.0,
                    1.0
                ]
            ]
        },
        {
            "file_path": "images\\eval_frame_00128.jpg",
            "transform_matrix": [
                [
                    0.3230041887297074,
                    -0.9452915176669495,
                    -0.0457410175879261,
                    1.1962161293449318
                ],
                [
                    0.8492064718544959,
                    0.31082852983478376,
                    -0.4268887363250362,
                    -2.7577973838929153
                ],
                [
                    0.4177519146856217,
                    0.09904328178964111,
                    0.903146591705264,
                    3.578781282078476
                ],
                [
                    0.0,
                    0.0,
                    0.0,
                    1.0
                ]
            ]
        },
        {
            "file_path": "images\\eval_frame_00050.jpg",
            "transform_matrix": [
                [
                    -0.19881306231890167,
                    -0.7110372207438997,
                    -0.6744623317637325,
                    -0.35549466433823307
                ],
                [
                    -0.976236118717673,
                    0.20423901431430935,
                    0.07245319553320537,
                    0.8498590141302353
                ],
                [
                    0.08623460304561074,
                    0.6728391306610444,
                    -0.7347456005236479,
                    -3.9010215206703323
                ],
                [
                    0.0,
                    0.0,
                    0.0,
                    1.0
                ]
            ]
        },
        {
            "file_path": "images\\train_frame_00041.jpg",
            "transform_matrix": [
                [
                    -0.5585151952340299,
                    -0.7000537770273415,
                    -0.4449555999899843,
                    -0.5157357969743197
                ],
                [
                    -0.3319776662862664,
                    -0.30293796387328775,
                    0.8933193265184801,
                    3.751742197626247
                ],
                [
                    -0.7601655120957659,
                    0.6466477397424815,
                    -0.0632067631359343,
                    -1.8706240401732355
                ],
                [
                    0.0,
                    0.0,
                    0.0,
                    1.0
                ]
            ]
        },
        {
            "file_path": "images\\eval_frame_00040.jpg",
            "transform_matrix": [
                [
                    -0.5645714291564157,
                    -0.7694487653116248,
                    -0.2986765791633122,
                    0.946836799766623
                ],
                [
                    -0.30074311160995526,
                    -0.14521689515608713,
                    0.9425845501494218,
                    3.5029576239433906
                ],
                [
                    -0.7686434037962234,
                    0.621981230361208,
                    -0.14942110586832677,
                    -2.604045203993824
                ],
                [
                    0.0,
                    0.0,
                    0.0,
                    1.0
                ]
            ]
        },
        {
            "file_path": "images\\eval_frame_00030.jpg",
            "transform_matrix": [
                [
                    -0.4151260996535848,
                    -0.8399786620915933,
                    -0.34943693081473054,
                    -0.9340689524105696
                ],
                [
                    0.5274231255671059,
                    -0.5351663431574767,
                    0.6598650102623099,
                    3.7722133760357255
                ],
                [
                    -0.7412794129094821,
                    0.08962606976918386,
                    0.6651856880708594,
                    1.1576917734431664
                ],
                [
                    0.0,
                    0.0,
                    0.0,
                    1.0
                ]
            ]
        },
        {
            "file_path": "images\\train_frame_00010.jpg",
            "transform_matrix": [
                [
                    0.14614300848425055,
                    -0.9598236468482619,
                    0.23954287303544441,
                    1.7768513646141644
                ],
                [
                    0.9892098916260335,
                    0.14430641217209936,
                    -0.02528734298473096,
                    -0.2742972624068436
                ],
                [
                    -0.010296182806434429,
                    0.24065374785554236,
                    0.9705564188972724,
                    3.8990916375231057
                ],
                [
                    0.0,
                    0.0,
                    0.0,
                    1.0
                ]
            ]
        },
        {
            "file_path": "images\\eval_frame_00004.jpg",
            "transform_matrix": [
                [
                    0.4141326787281254,
                    -0.8998356305998058,
                    -0.13707648344087672,
                    1.039748417703085
                ],
                [
                    0.7057027883036064,
                    0.41253461902408006,
                    -0.5760197589381568,
                    -2.948390826160483
                ],
                [
                    0.5748718978955072,
                    0.14181334919430807,
                    0.8058605803737461,
                    2.9475688362364028
                ],
                [
                    0.0,
                    0.0,
                    0.0,
                    1.0
                ]
            ]
        },
        {
            "file_path": "images\\eval_frame_00020.jpg",
            "transform_matrix": [
                [
                    -0.18394662623769106,
                    -0.9730791535716155,
                    -0.13885459869993408,
                    0.35459773715178816
                ],
                [
                    0.8622978829509959,
                    -0.22755966217038182,
                    0.4523924858031268,
                    2.812574375396124
                ],
                [
                    -0.4718114027384265,
                    -0.03651795499819556,
                    0.8809429261925815,
                    2.3877311445260365
                ],
                [
                    0.0,
                    0.0,
                    0.0,
                    1.0
                ]
            ]
        },
        {
            "file_path": "images\\eval_frame_00060.jpg",
            "transform_matrix": [
                [
                    0.192409568212097,
                    -0.49784696847277354,
                    -0.8456517924316743,
                    -3.307103752812629
                ],
                [
                    -0.6536530715264418,
                    0.5777294618952475,
                    -0.4888418260974358,
                    -0.7694938147690679
                ],
                [
                    0.731926376177606,
                    0.6468207362482254,
                    -0.21425852378568408,
                    -2.259375653278128
                ],
                [
                    0.0,
                    0.0,
                    0.0,
                    1.0
                ]
            ]
        },
        {
            "file_path": "images\\eval_frame_00070.jpg",
            "transform_matrix": [
                [
                    0.47799115449732577,
                    -0.6248877516710547,
                    -0.6172841760759851,
                    -3.5869281378504128
                ],
                [
                    0.11778042013794315,
                    0.7420166059449862,
                    -0.6599538840964669,
                    -1.577320061444207
                ],
                [
                    0.8704322080750707,
                    0.24274812937153084,
                    0.4282769160627027,
                    0.694954901167596
                ],
                [
                    0.0,
                    0.0,
                    0.0,
                    1.0
                ]
            ]
        },
        {
            "file_path": "images\\eval_frame_00080.jpg",
            "transform_matrix": [
                [
                    0.50008041581722,
                    -0.6207501227151422,
                    -0.603811943294609,
                    -2.520950273643985
                ],
                [
                    0.3864556498208411,
                    0.783949320993894,
                    -0.4858760056174451,
                    -1.8650591358681456
                ],
                [
                    0.7749655530651848,
                    0.009630538009278993,
                    0.631930094472501,
                    1.7102062208858144
                ],
                [
                    0.0,
                    0.0,
                    0.0,
                    1.0
                ]
            ]
        },
        {
            "file_path": "images\\train_frame_00083.jpg",
            "transform_matrix": [
                [
                    0.3998865825364825,
                    -0.9067361506937015,
                    -0.13386662815079134,
                    0.379180156962774
                ],
                [
                    0.7710583264239539,
                    0.4117597457678807,
                    -0.4857190227049603,
                    -1.5928111688823388
                ],
                [
                    0.49553988574037555,
                    0.09101354179647982,
                    0.8638036564231921,
                    1.7501218200188928
                ],
                [
                    0.0,
                    0.0,
                    0.0,
                    1.0
                ]
            ]
        },
        {
            "file_path": "images\\eval_frame_00090.jpg",
            "transform_matrix": [
                [
                    -0.10429126614755235,
                    -0.9915726725994818,
                    0.0768567938393314,
                    1.3820780549254716
                ],
                [
                    0.9379977911597751,
                    -0.07238047423817151,
                    0.3390003108087665,
                    1.602700944233414
                ],
                [
                    -0.33058051301418745,
                    0.10744627449557512,
                    0.937641627975368,
                    2.2587049190427364
                ],
                [
                    0.0,
                    0.0,
                    0.0,
                    1.0
                ]
            ]
        },
        {
            "file_path": "images\\train_frame_00095.jpg",
            "transform_matrix": [
                [
                    -0.4636965768785835,
                    -0.8748028400109131,
                    -0.14037619349421238,
                    0.36670540124281714
                ],
                [
                    0.30386785892258533,
                    -0.3058538133946748,
                    0.9022847494808606,
                    3.861433599456017
                ],
                [
                    -0.8322558554344256,
                    0.3757305363432365,
                    0.40764783226988494,
                    -0.19719254796272842
                ],
                [
                    0.0,
                    0.0,
                    0.0,
                    1.0
                ]
            ]
        },
        {
            "file_path": "images\\train_frame_00098.jpg",
            "transform_matrix": [
                [
                    -0.5474952703345983,
                    -0.780360967527977,
                    -0.30213521694771756,
                    -0.2626294184964723
                ],
                [
                    -0.08359955556883097,
                    -0.30824344587960495,
                    0.9476270850819749,
                    4.126662216232109
                ],
                [
                    -0.8326223893638331,
                    0.544079716981865,
                    0.10352399866212067,
                    -1.4511018980315564
                ],
                [
                    0.0,
                    0.0,
                    0.0,
                    1.0
                ]
            ]
        },
        {
            "file_path": "images\\eval_frame_00100.jpg",
            "transform_matrix": [
                [
                    -0.5717935761296598,
                    -0.7107871558892273,
                    -0.4096751460849901,
                    -0.3392493129800827
                ],
                [
                    -0.36512605379833896,
                    -0.2266969255940612,
                    0.9029349194509271,
                    2.9224728596925895
                ],
                [
                    -0.7346666394593583,
                    0.6658754560344627,
                    -0.12990306353735057,
                    -1.9834261758722016
                ],
                [
                    0.0,
                    0.0,
                    0.0,
                    1.0
                ]
            ]
        },
        {
            "file_path": "images\\train_frame_00101.jpg",
            "transform_matrix": [
                [
                    -0.5556155120464903,
                    -0.6587413751701189,
                    -0.5072979434339323,
                    -0.8478189448648568
                ],
                [
                    -0.5654332866947248,
                    -0.1479571862471899,
                    0.8114147332501517,
                    2.936356487072887
                ],
                [
                    -0.6095708335139708,
                    0.7376777559861725,
                    -0.2902669930465527,
                    -2.2522744880955243
                ],
                [
                    0.0,
                    0.0,
                    0.0,
                    1.0
                ]
            ]
        },
        {
            "file_path": "images\\eval_frame_00110.jpg",
            "transform_matrix": [
                [
                    -0.00338807013840678,
                    -0.48801620992431216,
                    -0.8728279898306693,
                    -1.7668621626178724
                ],
                [
                    -0.9174415597852684,
                    0.3487809038216748,
                    -0.1914493810596132,
                    0.26509718819522526
                ],
                [
                    0.3978561365110643,
                    0.8001200284835052,
                    -0.44890804699854076,
                    -3.015058020132481
                ],
                [
                    0.0,
                    0.0,
                    0.0,
                    1.0
                ]
            ]
        },
        {
            "file_path": "images\\train_frame_00111.jpg",
            "transform_matrix": [
                [
                    0.1415937489115431,
                    -0.5516923692963681,
                    -0.8219408372439798,
                    -2.2724454305271937
                ],
                [
                    -0.7969960783545816,
                    0.42894645921651825,
                    -0.4252084032718888,
                    -0.45782825106752184
                ],
                [
                    0.5871528432670596,
                    0.7152904758108914,
                    -0.37896051754455373,
                    -3.297395177357935
                ],
                [
                    0.0,
                    0.0,
                    0.0,
                    1.0
                ]
            ]
        },
        {
            "file_path": "images\\train_frame_00112.jpg",
            "transform_matrix": [
                [
                    0.20706262737372283,
                    -0.618248207260991,
                    -0.7582177936211083,
                    -2.574140176533516
                ],
                [
                    -0.6924938866479715,
                    0.45483183706654523,
                    -0.5599823362802236,
                    -1.1639560469952848
                ],
                [
                    0.6910696674723009,
                    0.6410126006633902,
                    -0.3339544287630881,
                    -3.7714056153165028
                ],
                [
                    0.0,
                    0.0,
                    0.0,
                    1.0
                ]
            ]
        },
        {
            "file_path": "images\\train_frame_00113.jpg",
            "transform_matrix": [
                [
                    0.24462156195506857,
                    -0.6186092999755103,
                    -0.746647725109018,
                    -3.1580217048372297
                ],
                [
                    -0.6351933510793004,
                    0.4795636738464766,
                    -0.6054321510058073,
                    -2.096806625592465
                ],
                [
                    0.7325910852387646,
                    0.6223674290245912,
                    -0.27562489930702827,
                    -4.114895816881291
                ],
                [
                    0.0,
                    0.0,
                    0.0,
                    1.0
                ]
            ]
        },
        {
            "file_path": "images\\train_frame_00118.jpg",
            "transform_matrix": [
                [
                    0.352684636638814,
                    -0.6816169884441923,
                    -0.641102041911596,
                    -1.944406091536086
                ],
                [
                    -0.2033475221443611,
                    0.6129256388487123,
                    -0.7635259959422774,
                    -2.6321855616436447
                ],
                [
                    0.9133801685589066,
                    0.39965040010760394,
                    0.07756433057234298,
                    -1.7983733237939643
                ],
                [
                    0.0,
                    0.0,
                    0.0,
                    1.0
                ]
            ]
        },
        {
            "file_path": "images\\train_frame_00119.jpg",
            "transform_matrix": [
                [
                    0.37868750225605013,
                    -0.7032065320652723,
                    -0.6017444215743154,
                    -1.4054940074891746
                ],
                [
                    -0.11598070384709065,
                    0.6089849737380599,
                    -0.7846564713913903,
                    -1.9784654269077762
                ],
                [
                    0.9182288668791716,
                    0.366930340830501,
                    0.14905661007753032,
                    -1.3396050476183161
                ],
                [
                    0.0,
                    0.0,
                    0.0,
                    1.0
                ]
            ]
        },
        {
            "file_path": "images\\eval_frame_00120.jpg",
            "transform_matrix": [
                [
                    0.40699201753435377,
                    -0.7479582037033637,
                    -0.5243243492115864,
                    -0.9357192302949299
                ],
                [
                    0.06598661920104365,
                    0.5965912000972181,
                    -0.7998279227765039,
                    -1.6462437465256774
                ],
                [
                    0.9110451491280399,
                    0.2909251888018608,
                    0.2921630893368786,
                    -0.9407514641007448
                ],
                [
                    0.0,
                    0.0,
                    0.0,
                    1.0
                ]
            ]
        },
        {
            "file_path": "images\\train_frame_00122.jpg",
            "transform_matrix": [
                [
                    0.4541002493690088,
                    -0.8164094773915292,
                    -0.35674714960079734,
                    -0.8191807697863014
                ],
                [
                    0.36558417120365017,
                    0.535892138291534,
                    -0.7610307680262786,
                    -2.1391445640203326
                ],
                [
                    0.8124907244321895,
                    0.2151631505221493,
                    0.5418151357880645,
                    -0.2205680433369084
                ],
                [
                    0.0,
                    0.0,
                    0.0,
                    1.0
                ]
            ]
        },
        {
            "file_path": "images\\train_frame_00123.jpg",
            "transform_matrix": [
                [
                    0.4717013669928715,
                    -0.8312642721156335,
                    -0.2941046247190318,
                    -0.8287631879262847
                ],
                [
                    0.4592163308195593,
                    0.5163320848994741,
                    -0.7228565138476539,
                    -2.8343298341291883
                ],
                [
                    0.7527404478873693,
                    0.2059147590811025,
                    0.6252846792516943,
                    0.3606533226800917
                ],
                [
                    0.0,
                    0.0,
                    0.0,
                    1.0
                ]
            ]
        },
        {
            "file_path": "images\\train_frame_00127.jpg",
            "transform_matrix": [
                [
                    0.3365876796314144,
                    -0.9350155627110757,
                    -0.11160031992978699,
                    0.9543537035296922
                ],
                [
                    0.8190106822103277,
                    0.3491715707329863,
                    -0.4553028844815642,
                    -3.4599808047963876
                ],
                [
                    0.4646829417416932,
                    0.061847487256553986,
                    0.8833145826795438,
                    3.6453279303443797
                ],
                [
                    0.0,
                    0.0,
                    0.0,
                    1.0
                ]
            ]
        }
    ]
}