{
    "fl_x": 1074.452670937213,
    "fl_y": 1072.2149734095053,
    "cx": 1487.9938481094716,
    "cy": 998.8971959995184,
    "w": 3008,
    "h": 2000,
    "camera_model": "OPENCV_FISHEYE",
    "k1": 0.03060524881256097,
    "k2": 0.006503338324805288,
    "k3": 0.0001980286672716662,
    "k4": 0.0001619462046311063,
    "frames": [
        {
            "file_path": "images/frame_00168.jpg",
            "transform_matrix": [
                [
                    0.28049074100259197,
                    -0.4787078733098414,
                    -0.8319637709918537,
                    -0.8752680149991012
                ],
                [
                    -0.6986386390486498,
                    0.49254204260263384,
                    -0.5189473849024343,
                    -2.108662861250041
                ],
                [
                    0.6582013341220656,
                    0.7268019732361726,
                    -0.19629033460651804,
                    -4.434933014911396
                ],
                [
                    0.0,
                    0.0,
                    0.0,
                    1.0
                ]
            ]
        },
        {
            "file_path": "images/frame_00167.jpg",
            "transform_matrix": [
                [
                    0.1869950645133667,
                    -0.8955363540084568,
                    -0.40379138734856895,
                    -1.550621266539025
                ],
                [
                    -0.7103326007687961,
                    0.1606668130009725,
                    -0.6852837160513514,
                    -2.102333554306148
                ],
                [
                    0.6785723558565294,
                    0.41497085903633135,
                    -0.6060847663635583,
                    -4.381099342508191
                ],
                [
                    0.0,
                    0.0,
                    0.0,
                    1.0
                ]
            ]
        },
        {
            "file_path": "images/frame_00166.jpg",
            "transform_matrix": [
                [
                    0.1433128080136431,
                    -0.9870117284514354,
                    0.07258985437755348,
                    -2.3722262992797014
                ],
                [
                    -0.7647393938924343,
                    -0.15699894574959466,
                    -0.6249199872484058,
                    -2.200416596425452
                ],
                [
                    0.6281998873672905,
                    0.03404671691698873,
                    -0.7773067107512309,
                    -4.261797351941812
                ],
                [
                    0.0,
                    0.0,
                    0.0,
                    1.0
                ]
            ]
        },
        {
            "file_path": "images/frame_00165.jpg",
            "transform_matrix": [
                [
                    0.11529254717473075,
                    -0.9349304037412111,
                    0.3355782602110255,
                    -2.7282639535822923
                ],
                [
                    -0.7997332053214942,
                    -0.28774484522236166,
                    -0.526905783185351,
                    -2.3535296072155525
                ],
                [
                    0.58918115115147,
                    -0.20762476781023834,
                    -0.780869724678562,
                    -4.286284201407618
                ],
                [
                    0.0,
                    0.0,
                    0.0,
                    1.0
                ]
            ]
        },
        {
            "file_path": "images/frame_00164.jpg",
            "transform_matrix": [
                [
                    0.15423387971638597,
                    -0.985024386310761,
                    0.0770640559582753,
                    -2.316787085187998
                ],
                [
                    -0.7531725078211944,
                    -0.16769566910084552,
                    -0.6360890944098577,
                    -2.1654153699256846
                ],
                [
                    0.6394865782875857,
                    0.04006396058714782,
                    -0.7677576409597676,
                    -4.178866645812841
                ],
                [
                    0.0,
                    0.0,
                    0.0,
                    1.0
                ]
            ]
        },
        {
            "file_path": "images/frame_00163.jpg",
            "transform_matrix": [
                [
                    0.15989216801599274,
                    -0.9648834078601343,
                    -0.20840946198135832,
                    -1.6929858028879745
                ],
                [
                    -0.7453028833738607,
                    0.020436284141218206,
                    -0.6664127627267562,
                    -1.9002721941651615
                ],
                [
                    0.6472697325240491,
                    0.2618823543630099,
                    -0.7158627842202248,
                    -4.052953936936612
                ],
                [
                    0.0,
                    0.0,
                    0.0,
                    1.0
                ]
            ]
        },
        {
            "file_path": "images/frame_00162.jpg",
            "transform_matrix": [
                [
                    0.13363687929218743,
                    -0.893751239429579,
                    -0.4281937721536084,
                    -1.2336003872912282
                ],
                [
                    -0.7608637699296569,
                    0.18431947524885245,
                    -0.6221837788406391,
                    -1.5970793834113666
                ],
                [
                    0.6350019748799803,
                    0.4089438262916787,
                    -0.6553910579466629,
                    -3.7413916680168176
                ],
                [
                    0.0,
                    0.0,
                    0.0,
                    1.0
                ]
            ]
        },
        {
            "file_path": "images/frame_00161.jpg",
            "transform_matrix": [
                [
                    0.12294081802668569,
                    -0.6420026842024527,
                    -0.7567814141083111,
                    -1.0275151940815594
                ],
                [
                    -0.7578137567625115,
                    0.4316443490836082,
                    -0.4892866909754217,
                    -1.3669750272435046
                ],
                [
                    0.6407837898421113,
                    0.6336526725115534,
                    -0.43345175659414187,
                    -3.351641852826432
                ],
                [
                    0.0,
                    0.0,
                    0.0,
                    1.0
                ]
            ]
        },
        {
            "file_path": "images/frame_00160.jpg",
            "transform_matrix": [
                [
                    0.142541399212897,
                    -0.2948887957726196,
                    -0.9448399587433858,
                    -1.6271858199312605
                ],
                [
                    -0.7754809885472385,
                    0.559922855989758,
                    -0.2917458341468976,
                    -1.1305980336986647
                ],
                [
                    0.6150700658560989,
                    0.774291284639086,
                    -0.14886846751319383,
                    -3.0729078099746374
                ],
                [
                    0.0,
                    0.0,
                    0.0,
                    1.0
                ]
            ]
        },
        {
            "file_path": "images/frame_00159.jpg",
            "transform_matrix": [
                [
                    0.07423398755101808,
                    0.03753588202779577,
                    -0.9965341803734936,
                    -2.867062899691113
                ],
                [
                    -0.8220401167768494,
                    0.5680341912465607,
                    -0.039839728718572255,
                    -0.6898108964110053
                ],
                [
                    0.564570067840812,
                    0.8221485359320789,
                    0.07302344392700133,
                    -2.717513965800905
                ],
                [
                    0.0,
                    0.0,
                    0.0,
                    1.0
                ]
            ]
        },
        {
            "file_path": "images/frame_00158.jpg",
            "transform_matrix": [
                [
                    -0.5211515482158536,
                    -0.8459154155324237,
                    -0.11326152725804857,
                    0.9959581010557701
                ],
                [
                    0.37827789503729087,
                    -0.34790584751790227,
                    0.8578271127616603,
                    3.7899660485186755
                ],
                [
                    -0.7650535261786428,
                    0.4042135957973916,
                    0.5013027738345041,
                    -0.13253627359338313
                ],
                [
                    0.0,
                    0.0,
                    0.0,
                    1.0
                ]
            ]
        },
        {
            "file_path": "images/frame_00157.jpg",
            "transform_matrix": [
                [
                    -0.4747220422765038,
                    -0.8612283940149944,
                    0.18145146987329386,
                    1.7345370729798644
                ],
                [
                    0.42342757686241084,
                    -0.042742604197456555,
                    0.9049210777403995,
                    4.111671366980499
                ],
                [
                    -0.7715880181348412,
                    0.506417538330549,
                    0.3849587083597076,
                    -0.17476254610305128
                ],
                [
                    0.0,
                    0.0,
                    0.0,
                    1.0
                ]
            ]
        },
        {
            "file_path": "images/frame_00156.jpg",
            "transform_matrix": [
                [
                    -0.464901941451819,
                    -0.6389505324922023,
                    0.6128689924137626,
                    1.4310928175071738
                ],
                [
                    0.4266070843676531,
                    0.4449013853431349,
                    0.7874446983040073,
                    4.3655057246081395
                ],
                [
                    -0.7758044730482412,
                    0.6275388229804515,
                    0.06574530592103059,
                    0.34180919337457794
                ],
                [
                    0.0,
                    0.0,
                    0.0,
                    1.0
                ]
            ]
        },
        {
            "file_path": "images/frame_00155.jpg",
            "transform_matrix": [
                [
                    -0.41157693029913195,
                    -0.40094450880806365,
                    0.8184423811742668,
                    1.3521305070269036
                ],
                [
                    0.4373967253607675,
                    0.7009484369329,
                    0.5633430512618414,
                    4.309887131033492
                ],
                [
                    -0.7995552107823576,
                    0.5898430211657886,
                    -0.11312239076678919,
                    0.5090613347327295
                ],
                [
                    0.0,
                    0.0,
                    0.0,
                    1.0
                ]
            ]
        },
        {
            "file_path": "images/frame_00154.jpg",
            "transform_matrix": [
                [
                    -0.4216743701936622,
                    -0.515635361755473,
                    0.7458625203273594,
                    1.4303578550018585
                ],
                [
                    0.4326448894543966,
                    0.608482689810492,
                    0.6652572553756789,
                    3.7339122452621027
                ],
                [
                    -0.7968745981337159,
                    0.6032155418325118,
                    -0.03349455091411046,
                    0.3507216865481475
                ],
                [
                    0.0,
                    0.0,
                    0.0,
                    1.0
                ]
            ]
        },
        {
            "file_path": "images/frame_00153.jpg",
            "transform_matrix": [
                [
                    -0.36786679728135224,
                    -0.7064168280938327,
                    0.604689411552583,
                    1.0600601667842364
                ],
                [
                    0.49770494329183246,
                    0.39972106396888313,
                    0.7697485696267696,
                    3.4164871922265525
                ],
                [
                    -0.7854704379420235,
                    0.5841218503064515,
                    0.2045430397587096,
                    0.27775529479622424
                ],
                [
                    0.0,
                    0.0,
                    0.0,
                    1.0
                ]
            ]
        },
        {
            "file_path": "images/frame_00152.jpg",
            "transform_matrix": [
                [
                    -0.3592724978354493,
                    -0.8289291931751767,
                    0.4287186315067584,
                    0.4953163152993745
                ],
                [
                    0.5867877051221407,
                    0.15656725823733633,
                    0.794460120311608,
                    3.1148908530338355
                ],
                [
                    -0.725674487230031,
                    0.5369944937799584,
                    0.4301551490258339,
                    0.4876872509267849
                ],
                [
                    0.0,
                    0.0,
                    0.0,
                    1.0
                ]
            ]
        },
        {
            "file_path": "images/frame_00151.jpg",
            "transform_matrix": [
                [
                    -0.3850209478224319,
                    -0.8922380658069656,
                    0.2359451285001684,
                    0.17446642702820656
                ],
                [
                    0.6653360007587802,
                    -0.09116763186452766,
                    0.7409564555319875,
                    2.6582314987297124
                ],
                [
                    -0.6395989961157134,
                    0.4422665449988941,
                    0.6287395544599629,
                    0.8875603821023479
                ],
                [
                    0.0,
                    0.0,
                    0.0,
                    1.0
                ]
            ]
        },
        {
            "file_path": "images/frame_00150.jpg",
            "transform_matrix": [
                [
                    -0.3299137811795135,
                    -0.9428263740022828,
                    -0.04727922877484512,
                    0.41410226556545066
                ],
                [
                    0.7728597253015449,
                    -0.2985197945159773,
                    0.5599765863756797,
                    2.3686290167371546
                ],
                [
                    -0.5420744801174987,
                    0.14820378121980124,
                    0.8271583265841533,
                    1.47866098900766
                ],
                [
                    0.0,
                    0.0,
                    0.0,
                    1.0
                ]
            ]
        },
        {
            "file_path": "images/frame_00149.jpg",
            "transform_matrix": [
                [
                    -0.15076729847009238,
                    -0.9881058539614026,
                    -0.03026620358151056,
                    0.7097340866651726
                ],
                [
                    0.8994586477838187,
                    -0.14981586276852402,
                    0.41052326144790796,
                    1.7741088257431752
                ],
                [
                    -0.41017479522629696,
                    0.03467028454065726,
                    0.9113476881689749,
                    2.0659975627688065
                ],
                [
                    0.0,
                    0.0,
                    0.0,
                    1.0
                ]
            ]
        },
        {
            "file_path": "images/frame_00148.jpg",
            "transform_matrix": [
                [
                    -0.011752882349240651,
                    -0.992610497768983,
                    0.12077362905575363,
                    1.1296050642467774
                ],
                [
                    0.9664269809959773,
                    0.019727621034605083,
                    0.2561829646391733,
                    0.4580266594045301
                ],
                [
                    -0.2566724764354094,
                    0.11972978195556391,
                    0.9590537102547422,
                    2.2946000589417452
                ],
                [
                    0.0,
                    0.0,
                    0.0,
                    1.0
                ]
            ]
        },
        {
            "file_path": "images/frame_00147.jpg",
            "transform_matrix": [
                [
                    0.0742074096476601,
                    -0.8672259027966531,
                    0.4923540330614895,
                    1.4084314677782233
                ],
                [
                    0.9891545822245498,
                    0.1267623242588554,
                    0.07419249027138289,
                    -0.5344475094376488
                ],
                [
                    -0.12675359094542768,
                    0.4815086153611612,
                    0.8672271792992977,
                    2.3380909981264977
                ],
                [
                    0.0,
                    0.0,
                    0.0,
                    1.0
                ]
            ]
        },
        {
            "file_path": "images/frame_00146.jpg",
            "transform_matrix": [
                [
                    0.1325108556335339,
                    -0.4467684120537691,
                    0.8847818144210596,
                    1.7430126980856095
                ],
                [
                    0.9779590551444763,
                    0.20425142748195538,
                    -0.043329445328861446,
                    -1.0137107991375227
                ],
                [
                    -0.16135972112082989,
                    0.8710220091148886,
                    0.46398674554050673,
                    2.5683884653761293
                ],
                [
                    0.0,
                    0.0,
                    0.0,
                    1.0
                ]
            ]
        },
        {
            "file_path": "images/frame_00145.jpg",
            "transform_matrix": [
                [
                    0.19203513604749545,
                    -0.327851428950033,
                    0.9250059173100684,
                    1.9402822793901378
                ],
                [
                    0.967234935949856,
                    0.22272496465800792,
                    -0.12186126864663317,
                    -1.0978892636451787
                ],
                [
                    -0.16606951918187068,
                    0.9180996844861187,
                    0.3598803747708282,
                    2.6757867880653414
                ],
                [
                    0.0,
                    0.0,
                    0.0,
                    1.0
                ]
            ]
        },
        {
            "file_path": "images/frame_00144.jpg",
            "transform_matrix": [
                [
                    0.10213260859435006,
                    -0.47352267995993247,
                    0.8748401007185694,
                    2.2996468571118798
                ],
                [
                    0.9909538417989723,
                    -0.028536479610437853,
                    -0.131134102182844,
                    -1.0599480571273017
                ],
                [
                    0.08705982819630875,
                    0.880319226698478,
                    0.4663246137825267,
                    2.3599088495294964
                ],
                [
                    0.0,
                    0.0,
                    0.0,
                    1.0
                ]
            ]
        },
        {
            "file_path": "images/frame_00143.jpg",
            "transform_matrix": [
                [
                    0.2021784312634512,
                    -0.6008899726043834,
                    0.7733402373828439,
                    2.57862775167817
                ],
                [
                    0.9583344496211159,
                    -0.04131551584009818,
                    -0.28264484927247335,
                    -0.8281012759878763
                ],
                [
                    0.20178940656348276,
                    0.7982632829927544,
                    0.5675004549992779,
                    2.0786807235969604
                ],
                [
                    0.0,
                    0.0,
                    0.0,
                    1.0
                ]
            ]
        },
        {
            "file_path": "images/frame_00142.jpg",
            "transform_matrix": [
                [
                    0.21939511614899965,
                    -0.7148407004905155,
                    0.6639793339646921,
                    2.7270303117980053
                ],
                [
                    0.961388995102505,
                    0.04252132380846792,
                    -0.27188809668201913,
                    -0.7756652625056115
                ],
                [
                    0.16612339722556402,
                    0.6979933452002279,
                    0.6965689534787156,
                    1.804803785407905
                ],
                [
                    0.0,
                    0.0,
                    0.0,
                    1.0
                ]
            ]
        },
        {
            "file_path": "images/frame_00141.jpg",
            "transform_matrix": [
                [
                    0.22226560537653514,
                    -0.8479833388786476,
                    0.4811675982969165,
                    2.611343540219141
                ],
                [
                    0.9666793788067514,
                    0.12738202269126048,
                    -0.22204683939402622,
                    -0.7539217005009985
                ],
                [
                    0.12699991833224006,
                    0.5144881702034593,
                    0.8480406496532468,
                    1.824265850465471
                ],
                [
                    0.0,
                    0.0,
                    0.0,
                    1.0
                ]
            ]
        },
        {
            "file_path": "images/frame_00140.jpg",
            "transform_matrix": [
                [
                    0.17468725940334107,
                    -0.9010510157720244,
                    0.3969778688772872,
                    1.9055935116309801
                ],
                [
                    0.9823346678534569,
                    0.13201112841822715,
                    -0.13263356402881185,
                    -0.6585475408373941
                ],
                [
                    0.06710411116607105,
                    0.4131345167738338,
                    0.908194312531554,
                    2.488748830164249
                ],
                [
                    0.0,
                    0.0,
                    0.0,
                    1.0
                ]
            ]
        },
        {
            "file_path": "images/frame_00139.jpg",
            "transform_matrix": [
                [
                    0.14994472701687814,
                    -0.8263670327836938,
                    0.5428020872915904,
                    0.9123642524197164
                ],
                [
                    0.9860538948302071,
                    0.08489425834661601,
                    -0.1431456649359558,
                    0.004590143387286813
                ],
                [
                    0.07221007775935993,
                    0.55669604994831,
                    0.8275718776287265,
                    3.310023185614213
                ],
                [
                    0.0,
                    0.0,
                    0.0,
                    1.0
                ]
            ]
        },
        {
            "file_path": "images/frame_00138.jpg",
            "transform_matrix": [
                [
                    0.050155717064777096,
                    -0.7655390963661837,
                    0.6414314429310155,
                    0.3741919845957994
                ],
                [
                    0.9986809360170855,
                    0.04550968049950269,
                    -0.023775134423830828,
                    1.0123896597928592
                ],
                [
                    -0.010990545107321519,
                    0.6417778127324751,
                    0.7668118719754955,
                    3.7057405042454956
                ],
                [
                    0.0,
                    0.0,
                    0.0,
                    1.0
                ]
            ]
        },
        {
            "file_path": "images/frame_00137.jpg",
            "transform_matrix": [
                [
                    -0.02384388623754701,
                    -0.8038862050460709,
                    0.5943050045437253,
                    0.3346947436125452
                ],
                [
                    0.9832517988267288,
                    0.08858611147902883,
                    0.15927460863875045,
                    1.928629902118275
                ],
                [
                    -0.1806858300838584,
                    0.5881491904182573,
                    0.7883103199992092,
                    3.9403223381962005
                ],
                [
                    0.0,
                    0.0,
                    0.0,
                    1.0
                ]
            ]
        },
        {
            "file_path": "images/frame_00136.jpg",
            "transform_matrix": [
                [
                    -0.026398254425177244,
                    -0.8759053960498338,
                    0.48176017823610895,
                    0.5214259710911942
                ],
                [
                    0.97123970881114,
                    0.09160823611248371,
                    0.21977570180711836,
                    2.162050348771175
                ],
                [
                    -0.23663592329093985,
                    0.47370631011961756,
                    0.8482958042812078,
                    4.161990180922439
                ],
                [
                    0.0,
                    0.0,
                    0.0,
                    1.0
                ]
            ]
        },
        {
            "file_path": "images/frame_00135.jpg",
            "transform_matrix": [
                [
                    0.01105940464402192,
                    -0.9662359494872257,
                    0.25742140448579487,
                    0.9251236746725716
                ],
                [
                    0.9813997306049834,
                    0.05983106512641338,
                    0.18241384929413926,
                    1.678158226986768
                ],
                [
                    -0.19165661568906472,
                    0.2506159084422981,
                    0.9489253964871294,
                    4.274877531632404
                ],
                [
                    0.0,
                    0.0,
                    0.0,
                    1.0
                ]
            ]
        },
        {
            "file_path": "images/frame_00134.jpg",
            "transform_matrix": [
                [
                    0.011694570552760531,
                    -0.9966944205755663,
                    0.0803957027030837,
                    1.5385243319780424
                ],
                [
                    0.9908813801741639,
                    0.02234408895388799,
                    0.13287148720837133,
                    0.9919076027938755
                ],
                [
                    -0.1342286386868695,
                    0.07810872987289483,
                    0.9878672475965143,
                    3.495641158942327
                ],
                [
                    0.0,
                    0.0,
                    0.0,
                    1.0
                ]
            ]
        },
        {
            "file_path": "images/frame_00133.jpg",
            "transform_matrix": [
                [
                    0.06555661261404072,
                    -0.9905144764106215,
                    0.12076175952496208,
                    1.5099798741704742
                ],
                [
                    0.9960264096634762,
                    0.07226689117198906,
                    0.05204697583165458,
                    0.5635278801268423
                ],
                [
                    -0.060280359947975974,
                    0.11686987833196395,
                    0.9913161502483526,
                    2.717833325275836
                ],
                [
                    0.0,
                    0.0,
                    0.0,
                    1.0
                ]
            ]
        },
        {
            "file_path": "images/frame_00132.jpg",
            "transform_matrix": [
                [
                    0.11579964050416904,
                    -0.9849132725306488,
                    0.12859350237112918,
                    1.3795673967733897
                ],
                [
                    0.9930327795359019,
                    0.1119526215110069,
                    -0.036776477591173196,
                    0.1653825923212761
                ],
                [
                    0.021825261196742655,
                    0.13195626597392648,
                    0.9910152379473852,
                    2.4178097057422776
                ],
                [
                    0.0,
                    0.0,
                    0.0,
                    1.0
                ]
            ]
        },
        {
            "file_path": "images/frame_00131.jpg",
            "transform_matrix": [
                [
                    0.18433537226588656,
                    -0.9745623326113886,
                    0.12747050790926523,
                    1.2215287657228615
                ],
                [
                    0.9666382479183439,
                    0.15629300371892677,
                    -0.20293593730502696,
                    -0.4355813230824057
                ],
                [
                    0.17785097186394935,
                    0.1606261399759223,
                    0.970859554705769,
                    2.561755902177931
                ],
                [
                    0.0,
                    0.0,
                    0.0,
                    1.0
                ]
            ]
        },
        {
            "file_path": "images/frame_00130.jpg",
            "transform_matrix": [
                [
                    0.25145418556576843,
                    -0.9662698790008708,
                    0.05561756464551826,
                    1.2374084367934401
                ],
                [
                    0.9172273535961012,
                    0.21955931415154858,
                    -0.3323968853409947,
                    -1.2491017604406278
                ],
                [
                    0.3089737438303599,
                    0.13459653972128677,
                    0.94149827249895,
                    2.9879639912525233
                ],
                [
                    0.0,
                    0.0,
                    0.0,
                    1.0
                ]
            ]
        },
        {
            "file_path": "images/frame_00129.jpg",
            "transform_matrix": [
                [
                    0.2711849032726668,
                    -0.9621349961284289,
                    0.027477217143338485,
                    1.220972600753283
                ],
                [
                    0.8936755720343856,
                    0.24108112822212519,
                    -0.3784492853265294,
                    -1.9804251312639007
                ],
                [
                    0.3574950631631268,
                    0.12718545058337088,
                    0.9252141054771577,
                    3.3221577336810997
                ],
                [
                    0.0,
                    0.0,
                    0.0,
                    1.0
                ]
            ]
        },
        {
            "file_path": "images/frame_00128.jpg",
            "transform_matrix": [
                [
                    0.3230041887297074,
                    -0.9452915176669495,
                    -0.0457410175879261,
                    1.1962161293449318
                ],
                [
                    0.8492064718544959,
                    0.31082852983478376,
                    -0.4268887363250362,
                    -2.7577973838929153
                ],
                [
                    0.4177519146856217,
                    0.09904328178964111,
                    0.903146591705264,
                    3.578781282078476
                ],
                [
                    0.0,
                    0.0,
                    0.0,
                    1.0
                ]
            ]
        },
        {
            "file_path": "images/frame_00059.jpg",
            "transform_matrix": [
                [
                    0.1497357875884789,
                    -0.37165869571561716,
                    -0.9162144988015765,
                    -4.072966944713352
                ],
                [
                    -0.6935419618565801,
                    0.6209677444517878,
                    -0.3652377410599628,
                    -0.39362591324166346
                ],
                [
                    0.7046834332233043,
                    0.6901223617949391,
                    -0.16477980668513678,
                    -2.119123450613645
                ],
                [
                    0.0,
                    0.0,
                    0.0,
                    1.0
                ]
            ]
        },
        {
            "file_path": "images/frame_00058.jpg",
            "transform_matrix": [
                [
                    0.13241077388679043,
                    -0.19313436127667588,
                    -0.972196742153023,
                    -4.256925329747364
                ],
                [
                    -0.7641597249855353,
                    0.6048000797265524,
                    -0.2242248386615252,
                    0.0074100138910474745
                ],
                [
                    0.6312901881613023,
                    0.7726033795273007,
                    -0.06750345379505618,
                    -2.096224111432774
                ],
                [
                    0.0,
                    0.0,
                    0.0,
                    1.0
                ]
            ]
        },
        {
            "file_path": "images/frame_00057.jpg",
            "transform_matrix": [
                [
                    0.033343367889954234,
                    -0.0232583852435756,
                    -0.999173291943703,
                    -4.094801950686084
                ],
                [
                    -0.8284391676979033,
                    0.5586020278729906,
                    -0.040648737744082473,
                    0.3172037663721428
                ],
                [
                    0.5590856510784012,
                    0.8291096561806791,
                    -0.0006424843937410359,
                    -2.1768204565912157
                ],
                [
                    0.0,
                    0.0,
                    0.0,
                    1.0
                ]
            ]
        },
        {
            "file_path": "images/frame_00056.jpg",
            "transform_matrix": [
                [
                    -0.04175851287439384,
                    -0.031278764389424674,
                    -0.9986380052355257,
                    -3.712271104165201
                ],
                [
                    -0.9409118263112216,
                    0.3374268487948404,
                    0.028775976439820466,
                    0.8568993365320507
                ],
                [
                    0.3360671982062521,
                    0.9408319513125895,
                    -0.04352100273597725,
                    -2.411730119382905
                ],
                [
                    0.0,
                    0.0,
                    0.0,
                    1.0
                ]
            ]
        },
        {
            "file_path": "images/frame_00055.jpg",
            "transform_matrix": [
                [
                    -0.14793925498906596,
                    -0.16508815207164962,
                    -0.9751204432678292,
                    -3.395896201644053
                ],
                [
                    -0.9733646344462247,
                    0.1989119559402659,
                    0.11399702712520349,
                    1.3265626101635521
                ],
                [
                    0.17514355609798146,
                    0.9660123890663024,
                    -0.19011785536284448,
                    -2.6294851138205706
                ],
                [
                    0.0,
                    0.0,
                    0.0,
                    1.0
                ]
            ]
        },
        {
            "file_path": "images/frame_00054.jpg",
            "transform_matrix": [
                [
                    -0.18405402836279153,
                    -0.3776487553257112,
                    -0.9074720559027529,
                    -2.399090971610111
                ],
                [
                    -0.9744708689495016,
                    0.1908744188797774,
                    0.11820948264039428,
                    1.2865219917089525
                ],
                [
                    0.1285715373332338,
