{
    "fl_x": 1074.452670937213,
    "fl_y": 1072.2149734095053,
    "cx": 1487.9938481094716,
    "cy": 998.8971959995184,
    "w": 3008,
    "h": 2000,
    "camera_model": "OPENCV_FISHEYE",
    "k1": 0.03060524881256097,
    "k2": 0.006503338324805288,
    "k3": 0.0001980286672716662,
    "k4": 0.0001619462046311063,
    "frames": [
        {
            "file_path": "images\\eval_frame_00168.jpg",
            "transform_matrix": [
                [
                    0.28049074100259197,
                    -0.4787078733098414,
                    -0.8319637709918537,
                    -0.8752680149991012
                ],
                [
                    -0.6986386390486498,
                    0.49254204260263384,
                    -0.5189473849024343,
                    -2.108662861250041
                ],
                [
                    0.6582013341220656,
                    0.7268019732361726,
                    -0.19629033460651804,
                    -4.434933014911396
                ],
                [
                    0.0,
                    0.0,
                    0.0,
                    1.0
                ]
            ]
        },
        {
            "file_path": "images\\train_frame_00166.jpg",
            "transform_matrix": [
                [
                    0.1433128080136431,
                    -0.9870117284514354,
                    0.07258985437755348,
                    -2.3722262992797014
                ],
                [
                    -0.7647393938924343,
                    -0.15699894574959466,
                    -0.6249199872484058,
                    -2.200416596425452
                ],
                [
                    0.6281998873672905,
                    0.03404671691698873,
                    -0.7773067107512309,
                    -4.261797351941812
                ],
                [
                    0.0,
                    0.0,
                    0.0,
                    1.0
                ]
            ]
        },
        {
            "file_path": "images\\train_frame_00164.jpg",
            "transform_matrix": [
                [
                    0.15423387971638597,
                    -0.985024386310761,
                    0.0770640559582753,
                    -2.316787085187998
                ],
                [
                    -0.7531725078211944,
                    -0.16769566910084552,
                    -0.6360890944098577,
                    -2.1654153699256846
                ],
                [
                    0.6394865782875857,
                    0.04006396058714782,
                    -0.7677576409597676,
                    -4.178866645812841
                ],
                [
                    0.0,
                    0.0,
                    0.0,
                    1.0
                ]
            ]
        },
        {
            "file_path": "images\\train_frame_00163.jpg",
            "transform_matrix": [
                [
                    0.15989216801599274,
                    -0.9648834078601343,
                    -0.20840946198135832,
                    -1.6929858028879745
                ],
                [
                    -0.7453028833738607,
                    0.020436284141218206,
                    -0.6664127627267562,
                    -1.9002721941651615
                ],
                [
                    0.6472697325240491,
                    0.2618823543630099,
                    -0.7158627842202248,
                    -4.052953936936612
                ],
                [
                    0.0,
                    0.0,
                    0.0,
                    1.0
                ]
            ]
        },
        {
            "file_path": "images\\train_frame_00162.jpg",
            "transform_matrix": [
                [
                    0.13363687929218743,
                    -0.893751239429579,
                    -0.4281937721536084,
                    -1.2336003872912282
                ],
                [
                    -0.7608637699296569,
                    0.18431947524885245,
                    -0.6221837788406391,
                    -1.5970793834113666
                ],
                [
                    0.6350019748799803,
                    0.4089438262916787,
                    -0.6553910579466629,
                    -3.7413916680168176
                ],
                [
                    0.0,
                    0.0,
                    0.0,
                    1.0
                ]
            ]
        },
        {
            "file_path": "images\\train_frame_00161.jpg",
            "transform_matrix": [
                [
                    0.12294081802668569,
                    -0.6420026842024527,
                    -0.7567814141083111,
                    -1.0275151940815594
                ],
                [
                    -0.7578137567625115,
                    0.4316443490836082,
                    -0.4892866909754217,
                    -1.3669750272435046
                ],
                [
                    0.6407837898421113,
                    0.6336526725115534,
                    -0.43345175659414187,
                    -3.351641852826432
                ],
                [
                    0.0,
                    0.0,
                    0.0,
                    1.0
                ]
            ]
        },
        {
            "file_path": "images\\train_frame_00160.jpg",
            "transform_matrix": [
                [
                    0.142541399212897,
                    -0.2948887957726196,
                    -0.9448399587433858,
                    -1.6271858199312605
                ],
                [
                    -0.7754809885472385,
                    0.559922855989758,
                    -0.2917458341468976,
                    -1.1305980336986647
                ],
                [
                    0.6150700658560989,
                    0.774291284639086,
                    -0.14886846751319383,
                    -3.0729078099746374
                ],
                [
                    0.0,
                    0.0,
                    0.0,
                    1.0
                ]
            ]
        },
        {
            "file_path": "images\\eval_frame_00158.jpg",
            "transform_matrix": [
                [
                    -0.5211515482158536,
                    -0.8459154155324237,
                    -0.11326152725804857,
                    0.9959581010557701
                ],
                [
                    0.37827789503729087,
                    -0.34790584751790227,
                    0.8578271127616603,
                    3.7899660485186755
                ],
                [
                    -0.7650535261786428,
                    0.4042135957973916,
                    0.5013027738345041,
                    -0.13253627359338313
                ],
                [
                    0.0,
                    0.0,
                    0.0,
                    1.0
                ]
            ]
        },
        {
            "file_path": "images\\train_frame_00157.jpg",
            "transform_matrix": [
                [
                    -0.4747220422765038,
                    -0.8612283940149944,
                    0.18145146987329386,
                    1.7345370729798644
                ],
                [
                    0.42342757686241084,
                    -0.042742604197456555,
                    0.9049210777403995,
                    4.111671366980499
                ],
                [
                    -0.7715880181348412,
                    0.506417538330549,
                    0.3849587083597076,
                    -0.17476254610305128
                ],
                [
                    0.0,
                    0.0,
                    0.0,
                    1.0
                ]
            ]
        },
        {
            "file_path": "images\\train_frame_00156.jpg",
            "transform_matrix": [
                [
                    -0.464901941451819,
                    -0.6389505324922023,
                    0.6128689924137626,
                    1.4310928175071738
                ],
                [
                    0.4266070843676531,
                    0.4449013853431349,
                    0.7874446983040073,
                    4.3655057246081395
                ],
                [
                    -0.7758044730482412,
                    0.6275388229804515,
                    0.06574530592103059,
                    0.34180919337457794
                ],
                [
                    0.0,
                    0.0,
                    0.0,
                    1.0
                ]
            ]
        },
        {
            "file_path": "images\\train_frame_00154.jpg",
            "transform_matrix": [
                [
                    -0.4216743701936622,
                    -0.515635361755473,
                    0.7458625203273594,
                    1.4303578550018585
                ],
                [
                    0.4326448894543966,
                    0.608482689810492,
                    0.6652572553756789,
                    3.7339122452621027
                ],
                [
                    -0.7968745981337159,
                    0.6032155418325118,
                    -0.03349455091411046,
                    0.3507216865481475
                ],
                [
                    0.0,
                    0.0,
                    0.0,
                    1.0
                ]
            ]
        },
        {
            "file_path": "images\\eval_frame_00148.jpg",
            "transform_matrix": [
                [
                    -0.011752882349240651,
                    -0.992610497768983,
                    0.12077362905575363,
                    1.1296050642467774
                ],
                [
                    0.9664269809959773,
                    0.019727621034605083,
                    0.2561829646391733,
                    0.4580266594045301
                ],
                [
                    -0.2566724764354094,
                    0.11972978195556391,
                    0.9590537102547422,
                    2.2946000589417452
                ],
                [
                    0.0,
                    0.0,
                    0.0,
                    1.0
                ]
            ]
        },
        {
            "file_path": "images\\train_frame_00146.jpg",
            "transform_matrix": [
                [
                    0.1325108556335339,
                    -0.4467684120537691,
                    0.8847818144210596,
                    1.7430126980856095
                ],
                [
                    0.9779590551444763,
                    0.20425142748195538,
                    -0.043329445328861446,
                    -1.0137107991375227
                ],
                [
                    -0.16135972112082989,
                    0.8710220091148886,
                    0.46398674554050673,
                    2.5683884653761293
                ],
                [
                    0.0,
                    0.0,
                    0.0,
                    1.0
                ]
            ]
        },
        {
            "file_path": "images\\train_frame_00145.jpg",
            "transform_matrix": [
                [
                    0.19203513604749545,
                    -0.327851428950033,
                    0.9250059173100684,
                    1.9402822793901378
                ],
                [
                    0.967234935949856,
                    0.22272496465800792,
                    -0.12186126864663317,
                    -1.0978892636451787
                ],
                [
                    -0.16606951918187068,
                    0.9180996844861187,
                    0.3598803747708282,
                    2.6757867880653414
                ],
                [
                    0.0,
                    0.0,
                    0.0,
                    1.0
                ]
            ]
        },
        {
            "file_path": "images\\train_frame_00144.jpg",
            "transform_matrix": [
                [
                    0.10213260859435006,
                    -0.47352267995993247,
                    0.8748401007185694,
                    2.2996468571118798
                ],
                [
                    0.9909538417989723,
                    -0.028536479610437853,
                    -0.131134102182844,
                    -1.0599480571273017
                ],
                [
                    0.08705982819630875,
                    0.880319226698478,
                    0.4663246137825267,
                    2.3599088495294964
                ],
                [
                    0.0,
                    0.0,
                    0.0,
                    1.0
                ]
            ]
        },
        {
            "file_path": "images\\train_frame_00140.jpg",
            "transform_matrix": [
                [
                    0.17468725940334107,
                    -0.9010510157720244,
                    0.3969778688772872,
                    1.9055935116309801
                ],
                [
                    0.9823346678534569,
                    0.13201112841822715,
                    -0.13263356402881185,
                    -0.6585475408373941
                ],
                [
                    0.06710411116607105,
                    0.4131345167738338,
                    0.908194312531554,
                    2.488748830164249
                ],
                [
                    0.0,
                    0.0,
                    0.0,
                    1.0
                ]
            ]
        },
        {
            "file_path": "images\\eval_frame_00138.jpg",
            "transform_matrix": [
                [
                    0.050155717064777096,
                    -0.7655390963661837,
                    0.6414314429310155,
                    0.3741919845957994
                ],
                [
                    0.9986809360170855,
                    0.04550968049950269,
                    -0.023775134423830828,
                    1.0123896597928592
                ],
                [
                    -0.010990545107321519,
                    0.6417778127324751,
                    0.7668118719754955,
                    3.7057405042454956
                ],
                [
                    0.0,
                    0.0,
                    0.0,
                    1.0
                ]
            ]
        },
        {
            "file_path": "images\\eval_frame_00128.jpg",
            "transform_matrix": [
                [
                    0.3230041887297074,
                    -0.9452915176669495,
                    -0.0457410175879261,
                    1.1962161293449318
                ],
                [
                    0.8492064718544959,
                    0.31082852983478376,
                    -0.4268887363250362,
                    -2.7577973838929153
                ],
                [
                    0.4177519146856217,
                    0.09904328178964111,
                    0.903146591705264,
                    3.578781282078476
                ],
                [
                    0.0,
                    0.0,
                    0.0,
                    1.0
                ]
            ]
        },
        {
            "file_path": "images\\train_frame_00053.jpg",
            "transform_matrix": [
                [
                    -0.19469846608329572,
                    -0.5995214504243049,
                    -0.7763160038192883,
                    -0.9963340696848653
                ],
                [
                    -0.9756112301959367,
                    0.20015933885465242,
                    0.09010530830555688,
                    1.0169471629834377
                ],
                [
                    0.10136683294047792,
                    0.7749259768199838,
                    -0.6238705760245559,
                    -3.730568809451706
                ],
                [
                    0.0,
                    0.0,
                    0.0,
                    1.0
                ]
            ]
        },
        {
            "file_path": "images\\eval_frame_00050.jpg",
            "transform_matrix": [
                [
                    -0.19881306231890167,
                    -0.7110372207438997,
                    -0.6744623317637325,
                    -0.35549466433823307
                ],
                [
                    -0.976236118717673,
                    0.20423901431430935,
                    0.07245319553320537,
                    0.8498590141302353
                ],
                [
                    0.08623460304561074,
                    0.6728391306610444,
                    -0.7347456005236479,
                    -3.9010215206703323
                ],
                [
                    0.0,
                    0.0,
                    0.0,
                    1.0
                ]
            ]
        },
        {
            "file_path": "images\\eval_frame_00040.jpg",
            "transform_matrix": [
                [
                    -0.5645714291564157,
                    -0.7694487653116248,
                    -0.2986765791633122,
                    0.946836799766623
                ],
                [
                    -0.30074311160995526,
                    -0.14521689515608713,
                    0.9425845501494218,
                    3.5029576239433906
                ],
                [
                    -0.7686434037962234,
                    0.621981230361208,
                    -0.14942110586832677,
                    -2.604045203993824
                ],
                [
                    0.0,
                    0.0,
                    0.0,
                    1.0
                ]
            ]
        },
        {
            "file_path": "images\\eval_frame_00030.jpg",
            "transform_matrix": [
                [
                    -0.4151260996535848,
                    -0.8399786620915933,
                    -0.34943693081473054,
                    -0.9340689524105696
                ],
                [
                    0.5274231255671059,
                    -0.5351663431574767,
                    0.6598650102623099,
                    3.7722133760357255
                ],
                [
                    -0.7412794129094821,
                    0.08962606976918386,
                    0.6651856880708594,
                    1.1576917734431664
                ],
                [
                    0.0,
                    0.0,
                    0.0,
                    1.0
                ]
            ]
        },
        {
            "file_path": "images\\train_frame_00011.jpg",
            "transform_matrix": [
                [
                    0.10569728821566703,
                    -0.9425535977945295,
                    0.3168924084739839,
                    3.0127837557758763
                ],
                [
                    0.9928721233985877,
                    0.1176821773290837,
                    0.01886403236494895,
                    -0.11682881158698863
                ],
                [
                    -0.05507295018277089,
                    0.3126397614246693,
                    0.9482738790742323,
                    3.359844387077226
                ],
                [
                    0.0,
                    0.0,
                    0.0,
                    1.0
                ]
            ]
        },
        {
            "file_path": "images\\eval_frame_00004.jpg",
            "transform_matrix": [
                [
                    0.4141326787281254,
                    -0.8998356305998058,
                    -0.13707648344087672,
                    1.039748417703085
                ],
                [
                    0.7057027883036064,
                    0.41253461902408006,
                    -0.5760197589381568,
                    -2.948390826160483
                ],
                [
                    0.5748718978955072,
                    0.14181334919430807,
                    0.8058605803737461,
                    2.9475688362364028
                ],
                [
                    0.0,
                    0.0,
                    0.0,
                    1.0
                ]
            ]
        },
        {
            "file_path": "images\\eval_frame_00020.jpg",
            "transform_matrix": [
                [
                    -0.18394662623769106,
                    -0.9730791535716155,
                    -0.13885459869993408,
                    0.35459773715178816
                ],
                [
                    0.8622978829509959,
                    -0.22755966217038182,
                    0.4523924858031268,
                    2.812574375396124
                ],
                [
                    -0.4718114027384265,
                    -0.03651795499819556,
                    0.8809429261925815,
                    2.3877311445260365
                ],
                [
                    0.0,
                    0.0,
                    0.0,
                    1.0
                ]
            ]
        },
        {
            "file_path": "images\\train_frame_00022.jpg",
            "transform_matrix": [
                [
                    -0.21994465388329315,
                    -0.9750949502761108,
                    0.02853396527276831,
                    1.7697389129159
                ],
                [
                    0.7842002871965605,
                    -0.1593371044323556,
                    0.5997012562200822,
                    2.564917582439957
                ],
                [
                    -0.5802191472099058,
                    0.15427742899446364,
                    0.7997150843355826,
                    0.748806187719533
                ],
                [
                    0.0,
                    0.0,
                    0.0,
                    1.0
                ]
            ]
        },
        {
            "file_path": "images\\eval_frame_00060.jpg",
            "transform_matrix": [
                [
                    0.192409568212097,
                    -0.49784696847277354,
                    -0.8456517924316743,
                    -3.307103752812629
                ],
                [
                    -0.6536530715264418,
                    0.5777294618952475,
                    -0.4888418260974358,
                    -0.7694938147690679
                ],
                [
                    0.731926376177606,
                    0.6468207362482254,
                    -0.21425852378568408,
                    -2.259375653278128
                ],
                [
                    0.0,
                    0.0,
                    0.0,
                    1.0
                ]
            ]
        },
        {
            "file_path": "images\\eval_frame_00070.jpg",
            "transform_matrix": [
                [
                    0.47799115449732577,
                    -0.6248877516710547,
                    -0.6172841760759851,
                    -3.5869281378504128
                ],
                [
                    0.11778042013794315,
                    0.7420166059449862,
                    -0.6599538840964669,
                    -1.577320061444207
                ],
                [
                    0.8704322080750707,
                    0.24274812937153084,
                    0.4282769160627027,
                    0.694954901167596
                ],
                [
                    0.0,
                    0.0,
                    0.0,
                    1.0
                ]
            ]
        },
        {
            "file_path": "images\\eval_frame_00080.jpg",
            "transform_matrix": [
                [
                    0.50008041581722,
                    -0.6207501227151422,
                    -0.603811943294609,
                    -2.520950273643985
                ],
                [
                    0.3864556498208411,
                    0.783949320993894,
                    -0.4858760056174451,
                    -1.8650591358681456
                ],
                [
                    0.7749655530651848,
                    0.009630538009278993,
                    0.631930094472501,
                    1.7102062208858144
                ],
                [
                    0.0,
                    0.0,
                    0.0,
                    1.0
                ]
            ]
        },
        {
            "file_path": "images\\eval_frame_00090.jpg",
            "transform_matrix": [
                [
                    -0.10429126614755235,
                    -0.9915726725994818,
                    0.0768567938393314,
                    1.3820780549254716
                ],
                [
                    0.9379977911597751,
                    -0.07238047423817151,
                    0.3390003108087665,
                    1.602700944233414
                ],
                [
                    -0.33058051301418745,
                    0.10744627449557512,
                    0.937641627975368,
                    2.2587049190427364
                ],
                [
                    0.0,
                    0.0,
                    0.0,
                    1.0
                ]
            ]
        },
        {
            "file_path": "images\\eval_frame_00100.jpg",
            "transform_matrix": [
                [
                    -0.5717935761296598,
                    -0.7107871558892273,
                    -0.4096751460849901,
                    -0.3392493129800827
                ],
                [
                    -0.36512605379833896,
                    -0.2266969255940612,
                    0.9029349194509271,
                    2.9224728596925895
                ],
                [
                    -0.7346666394593583,
                    0.6658754560344627,
                    -0.12990306353735057,
                    -1.9834261758722016
                ],
                [
                    0.0,
                    0.0,
                    0.0,
                    1.0
                ]
            ]
        },
        {
            "file_path": "images\\eval_frame_00110.jpg",
            "transform_matrix": [
                [
                    -0.00338807013840678,
                    -0.48801620992431216,
                    -0.8728279898306693,
                    -1.7668621626178724
                ],
                [
                    -0.9174415597852684,
                    0.3487809038216748,
                    -0.1914493810596132,
                    0.26509718819522526
                ],
                [
                    0.3978561365110643,
                    0.8001200284835052,
                    -0.44890804699854076,
                    -3.015058020132481
                ],
                [
                    0.0,
                    0.0,
                    0.0,
                    1.0
                ]
            ]
        },
        {
            "file_path": "images\\eval_frame_00120.jpg",
            "transform_matrix": [
                [
                    0.40699201753435377,
                    -0.7479582037033637,
                    -0.5243243492115864,
                    -0.9357192302949299
                ],
                [
                    0.06598661920104365,
                    0.5965912000972181,
                    -0.7998279227765039,
                    -1.6462437465256774
                ],
                [
                    0.9110451491280399,
                    0.2909251888018608,
                    0.2921630893368786,
                    -0.9407514641007448
                ],
                [
                    0.0,
                    0.0,
                    0.0,
                    1.0
                ]
            ]
        }
    ]
}