{
    "camera_angle_x": 0.6911112070083618,
    "frames": [
        {
            "file_path": "./train/r_9",
            "rotation": 0.012566370614359171,
            "transform_matrix": [
                [
                    -0.23337772488594055,
                    0.44256603717803955,
                    -0.8658348917961121,
                    -3.4902923107147217
                ],
                [
                    -0.9723862409591675,
                    -0.1062181368470192,
                    0.2078048586845398,
                    0.8376882672309875
                ],
                [
                    7.450581485102248e-09,
                    0.8904228806495667,
                    0.45513397455215454,
                    1.834703803062439
                ],
                [
                    0.0,
                    0.0,
                    0.0,
                    1.0
                ]
            ]
        },
        {
            "file_path": "./train/r_15",
            "rotation": 0.012566370614359171,
            "transform_matrix": [
                [
                    -0.6865485906600952,
                    -0.3086281418800354,
                    0.6583309769630432,
                    2.6538169384002686
                ],
                [
                    0.7270838618278503,
                    -0.2914219796657562,
                    0.6216287612915039,
                    2.5058655738830566
                ],
                [
                    0.0,
                    0.9054401516914368,
                    0.42447394132614136,
                    1.7111091613769531
                ],
                [
                    0.0,
                    0.0,
                    0.0,
                    1.0
                ]
            ]
        },
        {
            "file_path": "./train/r_25",
            "rotation": 0.012566370614359171,
            "transform_matrix": [
                [
                    -0.1613457202911377,
                    -0.3997095823287964,
                    0.9023301005363464,
                    3.637409210205078
                ],
                [
                    0.9868979454040527,
                    -0.06534761935472488,
                    0.14751990139484406,
                    0.5946717858314514
                ],
                [
                    3.725290298461914e-09,
                    0.914309561252594,
                    0.40501612424850464,
                    1.6326723098754883
                ],
                [
                    0.0,
                    0.0,
                    0.0,
                    1.0
                ]
            ]
        },
        {
            "file_path": "./train/r_29",
            "rotation": 0.012566370614359171,
            "transform_matrix": [
                [
                    0.8931812047958374,
                    0.20586314797401428,
                    -0.3998093008995056,
                    -1.6116830110549927
                ],
                [
                    -0.44969668984413147,
                    0.4088824987411499,
                    -0.7940956354141235,
                    -3.2011020183563232
                ],
                [
                    0.0,
                    0.889064371585846,
                    0.45778220891952515,
                    1.8453792333602905
                ],
                [
                    0.0,
                    0.0,
                    0.0,
                    1.0
                ]
            ]
        },
        {
            "file_path": "./train/r_35",
            "rotation": 0.012566370614359171,
            "transform_matrix": [
                [
                    -0.3977896273136139,
                    0.3703862130641937,
                    -0.8393910527229309,
                    -3.3836936950683594
                ],
                [
                    -0.9174765944480896,
                    -0.1605880707502365,
                    0.36393412947654724,
                    1.4670655727386475
                ],
                [
                    0.0,
                    0.9148910045623779,
                    0.40370094776153564,
                    1.6273707151412964
                ],
                [
                    0.0,
                    0.0,
                    0.0,
                    1.0
                ]
            ]
        },
        {
            "file_path": "./train/r_38",
            "rotation": 0.012566370614359171,
            "transform_matrix": [
                [
                    -0.8262399435043335,
                    0.21388964354991913,
                    -0.5211319923400879,
                    -2.10075044631958
                ],
                [
                    -0.5633181929588318,
                    -0.3137199878692627,
                    0.7643639445304871,
                    3.081249952316284
                ],
                [
                    1.4901159417490817e-08,
                    0.9251114130020142,
                    0.3796958923339844,
                    1.5306031703948975
                ],
                [
                    0.0,
                    0.0,
                    0.0,
                    1.0
                ]
            ]
        },
        {
            "file_path": "./train/r_40",
            "rotation": 0.012566370614359171,
            "transform_matrix": [
                [
                    -0.4379815459251404,
                    0.34720176458358765,
                    -0.8292304277420044,
                    -3.3427348136901855
                ],
                [
                    -0.8989839553833008,
                    -0.16915537416934967,
                    0.40399786829948425,
                    1.6285674571990967
                ],
                [
                    -1.4901161193847656e-08,
                    0.922408401966095,
                    0.3862157464027405,
                    1.5568854808807373
                ],
                [
                    0.0,
                    0.0,
                    0.0,
                    1.0
                ]
            ]
        },
        {
            "file_path": "./train/r_52",
            "rotation": 0.012566370614359171,
            "transform_matrix": [
                [
                    0.5719918608665466,
                    0.34370848536491394,
                    -0.7447749376296997,
                    -3.002284049987793
                ],
                [
                    -0.8202592730522156,
                    0.23967842757701874,
                    -0.5193543434143066,
                    -2.0935845375061035
                ],
                [
                    -1.4901160305669237e-08,
                    0.9079751372337341,
                    0.41902410984039307,
                    1.6891403198242188
                ],
                [
                    0.0,
                    0.0,
                    0.0,
                    1.0
                ]
            ]
        },
        {
            "file_path": "./train/r_74",
            "rotation": 0.012566370614359171,
            "transform_matrix": [
                [
                    -0.7232142090797424,
                    -0.2793499827384949,
                    0.6316049695014954,
                    2.546081066131592
                ],
                [
                    0.6906238794326782,
                    -0.29253241419792175,
                    0.6614102125167847,
                    2.666229724884033
                ],
                [
                    -1.4901161193847656e-08,
                    0.9145427346229553,
                    0.4044893682003021,
                    1.6305487155914307
                ],
                [
                    0.0,
                    0.0,
                    0.0,
                    1.0
                ]
            ]
        },
        {
            "file_path": "./train/r_76",
            "rotation": 0.012566370614359171,
            "transform_matrix": [
                [
                    0.9977991580963135,
                    0.025931671261787415,
                    -0.061029236763715744,
                    -0.246016725897789
                ],
                [
                    -0.06631003320217133,
                    0.39020639657974243,
                    -0.9183364510536194,
                    -3.701932668685913
                ],
                [
                    0.0,
                    0.920362114906311,
                    0.39106711745262146,
                    1.576442003250122
                ],
                [
                    0.0,
                    0.0,
                    0.0,
                    1.0
                ]
            ]
        }
    ]
}