{
    "camera_angle_x": 0.6911112070083618,
    "frames": [
        {
            "file_path": "./train/r_6",
            "rotation": 0.012566370614359171,
            "transform_matrix": [
                [
                    0.6570732593536377,
                    -0.5113321542739868,
                    0.5538899898529053,
                    2.232801914215088
                ],
                [
                    0.7538267374038696,
                    0.44570285081863403,
                    -0.48279836773872375,
                    -1.9462224245071411
                ],
                [
                    -1.4901161193847656e-08,
                    0.7347709536552429,
                    0.6783152222633362,
                    2.7343761920928955
                ],
                [
                    0.0,
                    0.0,
                    0.0,
                    1.0
                ]
            ]
        },
        {
            "file_path": "./train/r_13",
            "rotation": 0.012566370614359171,
            "transform_matrix": [
                [
                    0.842908501625061,
                    -0.09502744674682617,
                    0.5295989513397217,
                    2.1348819732666016
                ],
                [
                    0.5380570292472839,
                    0.14886793494224548,
                    -0.8296582698822021,
                    -3.3444597721099854
                ],
                [
                    7.450582373280668e-09,
                    0.9842804074287415,
                    0.17661221325397491,
                    0.7119466662406921
                ],
                [
                    0.0,
                    0.0,
                    0.0,
                    1.0
                ]
            ]
        },
        {
            "file_path": "./train/r_20",
            "rotation": 0.012566370614359171,
            "transform_matrix": [
                [
                    0.8422731161117554,
                    -0.25616011023521423,
                    0.47429734468460083,
                    1.9119539260864258
                ],
                [
                    0.5390509963035583,
                    0.40025293827056885,
                    -0.7410947680473328,
                    -2.9874486923217773
                ],
                [
                    1.4901161193847656e-08,
                    0.8798747658729553,
                    0.475205659866333,
                    1.915615439414978
                ],
                [
                    0.0,
                    0.0,
                    0.0,
                    1.0
                ]
            ]
        },
        {
            "file_path": "./train/r_27",
            "rotation": 0.012566370614359171,
            "transform_matrix": [
                [
                    -0.9902960658073425,
                    0.09176140278577805,
                    -0.10437164455652237,
                    -0.42073559761047363
                ],
                [
                    -0.13897335529327393,
                    -0.6538731455802917,
                    0.7437312006950378,
                    2.9980766773223877
                ],
                [
                    0.0,
                    0.7510190606117249,
                    0.6602804064750671,
                    2.6616756916046143
                ],
                [
                    0.0,
                    0.0,
                    0.0,
                    1.0
                ]
            ]
        },
        {
            "file_path": "./train/r_34",
            "rotation": 0.012566370614359171,
            "transform_matrix": [
                [
                    -0.7566120028495789,
                    0.34157976508140564,
                    -0.5575495362281799,
                    -2.247554063796997
                ],
                [
                    -0.6538640856742859,
                    -0.39525550603866577,
                    0.6451627016067505,
                    2.600733995437622
                ],
                [
                    0.0,
                    0.8526995182037354,
                    0.5224018096923828,
                    2.1058690547943115
                ],
                [
                    0.0,
                    0.0,
                    0.0,
                    1.0
                ]
            ]
        },
        {
            "file_path": "./train/r_41",
            "rotation": 0.012566370614359171,
            "transform_matrix": [
                [
                    -0.994414210319519,
                    0.02083449251949787,
                    -0.10347140580415726,
                    -0.41710659861564636
                ],
                [
                    -0.10554812848567963,
                    -0.19629065692424774,
                    0.9748484492301941,
                    3.9297399520874023
                ],
                [
                    3.7252898543727042e-09,
                    0.9803244471549988,
                    0.1973932385444641,
                    0.7957176566123962
                ],
                [
                    0.0,
                    0.0,
                    0.0,
                    1.0
                ]
            ]
        },
        {
            "file_path": "./train/r_48",
            "rotation": 0.012566370614359171,
            "transform_matrix": [
                [
                    0.9999156594276428,
                    -0.012454097159206867,
                    0.003698349464684725,
                    0.014908524230122566
                ],
                [
                    0.012991628609597683,
                    0.9585440158843994,
                    -0.28464773297309875,
                    -1.1474518775939941
                ],
                [
                    0.0,
                    0.2846718430519104,
                    0.9586249589920044,
                    3.8643410205841064
                ],
                [
                    0.0,
                    0.0,
                    0.0,
                    1.0
                ]
            ]
        },
        {
            "file_path": "./train/r_55",
            "rotation": 0.012566370614359171,
            "transform_matrix": [
                [
                    0.933196485042572,
                    -0.07844070345163345,
                    0.3507015109062195,
                    1.413723111152649
                ],
                [
                    0.35936683416366577,
                    0.2036931961774826,
                    -0.9106944799423218,
                    -3.6711270809173584
                ],
                [
                    0.0,
                    0.9758873581886292,
                    0.21827472746372223,
                    0.8798936009407043
                ],
                [
                    0.0,
                    0.0,
                    0.0,
                    1.0
                ]
            ]
        },
        {
            "file_path": "./train/r_62",
            "rotation": 0.012566370614359171,
            "transform_matrix": [
                [
                    -0.26151391863822937,
                    0.9203336238861084,
                    -0.2908549904823303,
                    -1.1724741458892822
                ],
                [
                    -0.9651997685432434,
                    -0.24935775995254517,
                    0.07880505919456482,
                    0.31767338514328003
                ],
                [
                    0.0,
                    0.3013418912887573,
                    0.9535161256790161,
                    3.8437466621398926
                ],
                [
                    0.0,
                    0.0,
                    0.0,
                    1.0
                ]
            ]
        },
        {
            "file_path": "./train/r_69",
            "rotation": 0.012566370614359171,
            "transform_matrix": [
                [
                    0.23253430426120758,
                    0.1524328589439392,
                    -0.9605684876441956,
                    -3.872175693511963
                ],
                [
                    -0.9725881814956665,
                    0.03644489124417305,
                    -0.2296605408191681,
                    -0.925791323184967
                ],
                [
                    0.0,
                    0.9876416325569153,
                    0.1567290723323822,
                    0.6317951679229736
                ],
                [
                    0.0,
                    0.0,
                    0.0,
                    1.0
                ]
            ]
        },
        {
            "file_path": "./train/r_76",
            "rotation": 0.012566370614359171,
            "transform_matrix": [
                [
                    0.9977991580963135,
                    0.025931671261787415,
                    -0.061029236763715744,
                    -0.246016725897789
                ],
                [
                    -0.06631003320217133,
                    0.39020639657974243,
                    -0.9183364510536194,
                    -3.701932668685913
                ],
                [
                    0.0,
                    0.920362114906311,
                    0.39106711745262146,
                    1.576442003250122
                ],
                [
                    0.0,
                    0.0,
                    0.0,
                    1.0
                ]
            ]
        },
        {
            "file_path": "./train/r_83",
            "rotation": 0.012566370614359171,
            "transform_matrix": [
                [
                    -0.048472680151462555,
                    0.48035264015197754,
                    -0.8757349252700806,
                    -3.530200481414795
                ],
                [
                    -0.9988245964050293,
                    -0.023311378434300423,
                    0.04249916970729828,
                    0.1713196337223053
                ],
                [
                    0.0,
                    0.8767656087875366,
                    0.48091796040534973,
                    1.9386422634124756
                ],
                [
                    0.0,
                    0.0,
                    0.0,
                    1.0
                ]
            ]
        },
        {
            "file_path": "./train/r_90",
            "rotation": 0.012566370614359171,
            "transform_matrix": [
                [
                    0.08438806980848312,
                    0.515834391117096,
                    -0.8525218367576599,
                    -3.4366254806518555
                ],
                [
                    -0.9964329600334167,
                    0.04368609935045242,
                    -0.0722002163529396,
                    -0.2910483777523041
                ],
                [
                    0.0,
                    0.8555737137794495,
                    0.5176809430122375,
                    2.086838722229004
                ],
                [
                    0.0,
                    0.0,
                    0.0,
                    1.0
                ]
            ]
        },
        {
            "file_path": "./train/r_97",
            "rotation": 0.012566370614359171,
            "transform_matrix": [
                [
                    -0.08526185154914856,
                    0.49009639024734497,
                    -0.8674882650375366,
                    -3.4969570636749268
                ],
                [
                    -0.9963586330413818,
                    -0.04193924367427826,
                    0.07423397898674011,
                    0.29924672842025757
                ],
                [
                    0.0,
                    0.8706587553024292,
                    0.49188753962516785,
                    1.982862114906311
                ],
                [
                    0.0,
                    0.0,
                    0.0,
                    1.0
                ]
            ]
        }
    ]
}