{
    "fl_x": 1074.452670937213,
    "fl_y": 1072.2149734095053,
    "cx": 1487.9938481094716,
    "cy": 998.8971959995184,
    "w": 3008,
    "h": 2000,
    "camera_model": "OPENCV_FISHEYE",
    "k1": 0.03060524881256097,
    "k2": 0.006503338324805288,
    "k3": 0.0001980286672716662,
    "k4": 0.0001619462046311063,
    "frames": [
        {
            "file_path": "images\\eval_frame_00167.jpg",
            "transform_matrix": [
                [
                    0.1869950645133667,
                    -0.8955363540084568,
                    -0.40379138734856895,
                    -1.550621266539025
                ],
                [
                    -0.7103326007687961,
                    0.1606668130009725,
                    -0.6852837160513514,
                    -2.102333554306148
                ],
                [
                    0.6785723558565294,
                    0.41497085903633135,
                    -0.6060847663635583,
                    -4.381099342508191
                ],
                [
                    0.0,
                    0.0,
                    0.0,
                    1.0
                ]
            ]
        },
        {
            "file_path": "images\\train_frame_00162.jpg",
            "transform_matrix": [
                [
                    0.13363687929218743,
                    -0.893751239429579,
                    -0.4281937721536084,
                    -1.2336003872912282
                ],
                [
                    -0.7608637699296569,
                    0.18431947524885245,
                    -0.6221837788406391,
                    -1.5970793834113666
                ],
                [
                    0.6350019748799803,
                    0.4089438262916787,
                    -0.6553910579466629,
                    -3.7413916680168176
                ],
                [
                    0.0,
                    0.0,
                    0.0,
                    1.0
                ]
            ]
        },
        {
            "file_path": "images\\eval_frame_00159.jpg",
            "transform_matrix": [
                [
                    0.07423398755101808,
                    0.03753588202779577,
                    -0.9965341803734936,
                    -2.867062899691113
                ],
                [
                    -0.8220401167768494,
                    0.5680341912465607,
                    -0.039839728718572255,
                    -0.6898108964110053
                ],
                [
                    0.564570067840812,
                    0.8221485359320789,
                    0.07302344392700133,
                    -2.717513965800905
                ],
                [
                    0.0,
                    0.0,
                    0.0,
                    1.0
                ]
            ]
        },
        {
            "file_path": "images\\train_frame_00155.jpg",
            "transform_matrix": [
                [
                    -0.41157693029913195,
                    -0.40094450880806365,
                    0.8184423811742668,
                    1.3521305070269036
                ],
                [
                    0.4373967253607675,
                    0.7009484369329,
                    0.5633430512618414,
                    4.309887131033492
                ],
                [
                    -0.7995552107823576,
                    0.5898430211657886,
                    -0.11312239076678919,
                    0.5090613347327295
                ],
                [
                    0.0,
                    0.0,
                    0.0,
                    1.0
                ]
            ]
        },
        {
            "file_path": "images\\eval_frame_00149.jpg",
            "transform_matrix": [
                [
                    -0.15076729847009238,
                    -0.9881058539614026,
                    -0.03026620358151056,
                    0.7097340866651726
                ],
                [
                    0.8994586477838187,
                    -0.14981586276852402,
                    0.41052326144790796,
                    1.7741088257431752
                ],
                [
                    -0.41017479522629696,
                    0.03467028454065726,
                    0.9113476881689749,
                    2.0659975627688065
                ],
                [
                    0.0,
                    0.0,
                    0.0,
                    1.0
                ]
            ]
        },
        {
            "file_path": "images\\train_frame_00148.jpg",
            "transform_matrix": [
                [
                    -0.011752882349240651,
                    -0.992610497768983,
                    0.12077362905575363,
                    1.1296050642467774
                ],
                [
                    0.9664269809959773,
                    0.019727621034605083,
                    0.2561829646391733,
                    0.4580266594045301
                ],
                [
                    -0.2566724764354094,
                    0.11972978195556391,
                    0.9590537102547422,
                    2.2946000589417452
                ],
                [
                    0.0,
                    0.0,
                    0.0,
                    1.0
                ]
            ]
        },
        {
            "file_path": "images\\train_frame_00142.jpg",
            "transform_matrix": [
                [
                    0.21939511614899965,
                    -0.7148407004905155,
                    0.6639793339646921,
                    2.7270303117980053
                ],
                [
                    0.961388995102505,
                    0.04252132380846792,
                    -0.27188809668201913,
                    -0.7756652625056115
                ],
                [
                    0.16612339722556402,
                    0.6979933452002279,
                    0.6965689534787156,
                    1.804803785407905
                ],
                [
                    0.0,
                    0.0,
                    0.0,
                    1.0
                ]
            ]
        },
        {
            "file_path": "images\\eval_frame_00139.jpg",
            "transform_matrix": [
                [
                    0.14994472701687814,
                    -0.8263670327836938,
                    0.5428020872915904,
                    0.9123642524197164
                ],
                [
                    0.9860538948302071,
                    0.08489425834661601,
                    -0.1431456649359558,
                    0.004590143387286813
                ],
                [
                    0.07221007775935993,
                    0.55669604994831,
                    0.8275718776287265,
                    3.310023185614213
                ],
                [
                    0.0,
                    0.0,
                    0.0,
                    1.0
                ]
            ]
        },
        {
            "file_path": "images\\train_frame_00135.jpg",
            "transform_matrix": [
                [
                    0.01105940464402192,
                    -0.9662359494872257,
                    0.25742140448579487,
                    0.9251236746725716
                ],
                [
                    0.9813997306049834,
                    0.05983106512641338,
                    0.18241384929413926,
                    1.678158226986768
                ],
                [
                    -0.19165661568906472,
                    0.2506159084422981,
                    0.9489253964871294,
                    4.274877531632404
                ],
                [
                    0.0,
                    0.0,
                    0.0,
                    1.0
                ]
            ]
        },
        {
            "file_path": "images\\eval_frame_00129.jpg",
            "transform_matrix": [
                [
                    0.2711849032726668,
                    -0.9621349961284289,
                    0.027477217143338485,
                    1.220972600753283
                ],
                [
                    0.8936755720343856,
                    0.24108112822212519,
                    -0.3784492853265294,
                    -1.9804251312639007
                ],
                [
                    0.3574950631631268,
                    0.12718545058337088,
                    0.9252141054771577,
                    3.3221577336810997
                ],
                [
                    0.0,
                    0.0,
                    0.0,
                    1.0
                ]
            ]
        },
        {
            "file_path": "images\\train_frame_00128.jpg",
            "transform_matrix": [
                [
                    0.3230041887297074,
                    -0.9452915176669495,
                    -0.0457410175879261,
                    1.1962161293449318
                ],
                [
                    0.8492064718544959,
                    0.31082852983478376,
                    -0.4268887363250362,
                    -2.7577973838929153
                ],
                [
                    0.4177519146856217,
                    0.09904328178964111,
                    0.903146591705264,
                    3.578781282078476
                ],
                [
                    0.0,
                    0.0,
                    0.0,
                    1.0
                ]
            ]
        },
        {
            "file_path": "images\\train_frame_00054.jpg",
            "transform_matrix": [
                [
                    -0.18405402836279153,
                    -0.3776487553257112,
                    -0.9074720559027529,
                    -2.399090971610111
                ],
                [
                    -0.9744708689495016,
                    0.1908744188797774,
                    0.11820948264039428,
                    1.2865219917089525
                ],
                [
                    0.1285715373332338,
                    0.906062014333593,
                    -0.403138916466173,
                    -3.0821462475885846
                ],
                [
                    0.0,
                    0.0,
                    0.0,
                    1.0
                ]
            ]
        },
        {
            "file_path": "images\\eval_frame_00051.jpg",
            "transform_matrix": [
                [
                    -0.2192770288528695,
                    -0.74372065061151,
                    -0.6315039021822826,
                    0.2431838288146855
                ],
                [
                    -0.9722993447581108,
                    0.2202695378645114,
                    0.07820047871913988,
                    0.7304797731303245
                ],
                [
                    0.08094176178219674,
                    0.6311583989324286,
                    -0.7714191510823718,
                    -4.331820950386868
                ],
                [
                    0.0,
                    0.0,
                    0.0,
                    1.0
                ]
            ]
        },
        {
            "file_path": "images\\train_frame_00047.jpg",
            "transform_matrix": [
                [
                    -0.25838393217417566,
                    -0.46256048897380114,
                    -0.8481011364421868,
                    -3.0086536141868327
                ],
                [
                    -0.9659517766913966,
                    0.11168903096081408,
                    0.23337250367120824,
                    1.9279669266297292
                ],
                [
                    -0.013225305325201296,
                    0.8795245047202221,
                    -0.47566977715186287,
                    -2.064523389959182
                ],
                [
                    0.0,
                    0.0,
                    0.0,
                    1.0
                ]
            ]
        },
        {
            "file_path": "images\\eval_frame_00041.jpg",
            "transform_matrix": [
                [
                    -0.5585151952340299,
                    -0.7000537770273415,
                    -0.4449555999899843,
                    -0.5157357969743197
                ],
                [
                    -0.3319776662862664,
                    -0.30293796387328775,
                    0.8933193265184801,
                    3.751742197626247
                ],
                [
                    -0.7601655120957659,
                    0.6466477397424815,
                    -0.0632067631359343,
                    -1.8706240401732355
                ],
                [
                    0.0,
                    0.0,
                    0.0,
                    1.0
                ]
            ]
        },
        {
            "file_path": "images\\train_frame_00040.jpg",
            "transform_matrix": [
                [
                    -0.5645714291564157,
                    -0.7694487653116248,
                    -0.2986765791633122,
                    0.946836799766623
                ],
                [
                    -0.30074311160995526,
                    -0.14521689515608713,
                    0.9425845501494218,
                    3.5029576239433906
                ],
                [
                    -0.7686434037962234,
                    0.621981230361208,
                    -0.14942110586832677,
                    -2.604045203993824
                ],
                [
                    0.0,
                    0.0,
                    0.0,
                    1.0
                ]
            ]
        },
        {
            "file_path": "images\\train_frame_00034.jpg",
            "transform_matrix": [
                [
                    -0.5768214728578654,
                    -0.7311477654073133,
                    -0.3642800208493115,
                    -1.2166627404513113
                ],
                [
                    -0.1379009664728153,
                    -0.3523874876593937,
                    0.9256383645824994,
                    3.646679889756897
                ],
                [
                    -0.805146143191375,
                    0.5841626517340804,
                    0.10243868616426659,
                    -0.5889518204832472
                ],
                [
                    0.0,
                    0.0,
                    0.0,
                    1.0
                ]
            ]
        },
        {
            "file_path": "images\\eval_frame_00031.jpg",
            "transform_matrix": [
                [
                    -0.4901283329409009,
                    -0.788797535806762,
                    -0.37090789254713014,
                    -1.4381452785212345
                ],
                [
                    0.3560303743014303,
                    -0.5695752899309884,
                    0.7408281593425117,
                    3.8425237027611785
                ],
                [
                    -0.7956233969808558,
                    0.231046394919312,
                    0.5600008692595331,
                    0.9266309692396067
                ],
                [
                    0.0,
                    0.0,
                    0.0,
                    1.0
                ]
            ]
        },
        {
            "file_path": "images\\train_frame_00011.jpg",
            "transform_matrix": [
                [
                    0.10569728821566703,
                    -0.9425535977945295,
                    0.3168924084739839,
                    3.0127837557758763
                ],
                [
                    0.9928721233985877,
                    0.1176821773290837,
                    0.01886403236494895,
                    -0.11682881158698863
                ],
                [
                    -0.05507295018277089,
                    0.3126397614246693,
                    0.9482738790742323,
                    3.359844387077226
                ],
                [
                    0.0,
                    0.0,
                    0.0,
                    1.0
                ]
            ]
        },
        {
            "file_path": "images\\eval_frame_00005.jpg",
            "transform_matrix": [
                [
                    0.39939362837405795,
                    -0.8876960614327583,
                    -0.22908608017724172,
                    -0.4228082937861213
                ],
                [
                    0.7750463676459565,
                    0.46040603859324536,
                    -0.4328156739602714,
                    -2.447115147487925
                ],
                [
                    0.48968138377215614,
                    -0.004688511879465466,
                    0.871888846266164,
                    3.851031419413009
                ],
                [
                    0.0,
                    0.0,
                    0.0,
                    1.0
                ]
            ]
        },
        {
            "file_path": "images\\train_frame_00004.jpg",
            "transform_matrix": [
                [
                    0.4141326787281254,
                    -0.8998356305998058,
                    -0.13707648344087672,
                    1.039748417703085
                ],
                [
                    0.7057027883036064,
                    0.41253461902408006,
                    -0.5760197589381568,
                    -2.948390826160483
                ],
                [
                    0.5748718978955072,
                    0.14181334919430807,
                    0.8058605803737461,
                    2.9475688362364028
                ],
                [
                    0.0,
                    0.0,
                    0.0,
                    1.0
                ]
            ]
        },
        {
            "file_path": "images\\train_frame_00016.jpg",
            "transform_matrix": [
                [
                    -0.018369072028806086,
                    -0.9965467410596421,
                    0.08097635504397087,
                    2.2867534368755944
                ],
                [
                    0.9884435747285116,
                    -0.005911397136586528,
                    0.1514739415272959,
                    1.3705325624074256
                ],
                [
                    -0.1504721793911474,
                    0.08282299359054977,
                    0.985138809996834,
                    3.037923168462092
                ],
                [
                    0.0,
                    0.0,
                    0.0,
                    1.0
                ]
            ]
        },
        {
            "file_path": "images\\eval_frame_00019.jpg",
            "transform_matrix": [
                [
                    -0.15425302803383698,
                    -0.9480863756783292,
                    -0.27809751454394954,
                    0.11488335587627932
                ],
                [
                    0.9192093910682341,
                    -0.24091659699938864,
                    0.3114695629787929,
                    2.5346189912360924
                ],
                [
                    -0.3622983559365932,
                    -0.20758472377167855,
                    0.9086520146581294,
                    2.8677266621426547
                ],
                [
                    0.0,
                    0.0,
                    0.0,
                    1.0
                ]
            ]
        },
        {
            "file_path": "images\\train_frame_00023.jpg",
            "transform_matrix": [
                [
                    -0.22883648537494164,
                    -0.9669051778084004,
                    0.11281950225271195,
                    2.6458975964108196
                ],
                [
                    0.7496627334326716,
                    -0.10110653262015176,
                    0.6540514162998081,
                    2.437106581432943
                ],
                [
                    -0.620998912288499,
                    0.23424740380383252,
                    0.7479896421392913,
                    0.17568978562289592
                ],
                [
                    0.0,
                    0.0,
                    0.0,
                    1.0
                ]
            ]
        },
        {
            "file_path": "images\\eval_frame_00029.jpg",
            "transform_matrix": [
                [
                    -0.28754262511919226,
                    -0.9228911420163953,
                    -0.25610774827645777,
                    0.06892164319278024
                ],
                [
                    0.6859195261582713,
                    -0.3850563948866529,
                    0.6174511935300689,
                    3.400364284933663
                ],
                [
                    -0.6684561633902228,
                    0.001874231727364692,
                    0.743749181432192,
                    1.168497574954624
                ],
                [
                    0.0,
                    0.0,
                    0.0,
                    1.0
                ]
            ]
        },
        {
            "file_path": "images\\train_frame_00060.jpg",
            "transform_matrix": [
                [
                    0.192409568212097,
                    -0.49784696847277354,
                    -0.8456517924316743,
                    -3.307103752812629
                ],
                [
                    -0.6536530715264418,
                    0.5777294618952475,
                    -0.4888418260974358,
                    -0.7694938147690679
                ],
                [
                    0.731926376177606,
                    0.6468207362482254,
                    -0.21425852378568408,
                    -2.259375653278128
                ],
                [
                    0.0,
                    0.0,
                    0.0,
                    1.0
                ]
            ]
        },
        {
            "file_path": "images\\train_frame_00066.jpg",
            "transform_matrix": [
                [
                    0.34518423994626524,
                    -0.5023978208455632,
                    -0.79274476983601,
                    -2.6029828093372633
                ],
                [
                    -0.4981217220406905,
                    0.6178088910843649,
                    -0.608429884315624,
                    -1.9568543210582794
                ],
                [
                    0.7954386151828028,
                    0.6049037970675472,
                    -0.036997375168080535,
                    -2.1034467196266875
                ],
                [
                    0.0,
                    0.0,
                    0.0,
                    1.0
                ]
            ]
        },
        {
            "file_path": "images\\eval_frame_00069.jpg",
            "transform_matrix": [
                [
                    0.418762169601362,
                    -0.45139657532777605,
                    -0.7879589945505512,
                    -4.101293659265697
                ],
                [
                    -0.07694273496301929,
                    0.8469470620447204,
                    -0.526080307206254,
                    -1.573954849841631
                ],
                [
                    0.9048304044665886,
                    0.28093025090967233,
                    0.319937702180687,
                    0.3021246509759042
                ],
                [
                    0.0,
                    0.0,
                    0.0,
                    1.0
                ]
            ]
        },
        {
            "file_path": "images\\train_frame_00073.jpg",
            "transform_matrix": [
                [
                    0.5337187578584718,
                    -0.8005753341036981,
                    -0.27243975835909523,
                    -0.3906275962999873
                ],
                [
                    0.22719400817718996,
                    0.446060562600974,
                    -0.8656863503258473,
                    -2.2533769434750273
                ],
                [
                    0.8145717710296576,
                    0.40013636290251703,
                    0.4199568084038551,
                    -0.3429550343971059
                ],
                [
                    0.0,
                    0.0,
                    0.0,
                    1.0
                ]
            ]
        },
        {
            "file_path": "images\\eval_frame_00079.jpg",
            "transform_matrix": [
                [
                    0.5200925793696886,
                    -0.5778731473879258,
                    -0.6289406445862412,
                    -2.4409413287064905
                ],
                [
                    0.28771409532382336,
                    0.8118678607215399,
                    -0.5080267474055125,
                    -2.0770102053711335
                ],
                [
                    0.8041917111215322,
                    0.08326585287741353,
                    0.5885086996026642,
                    1.2044099000089008
                ],
                [
                    0.0,
                    0.0,
                    0.0,
                    1.0
                ]
            ]
        },
        {
            "file_path": "images\\train_frame_00080.jpg",
            "transform_matrix": [
                [
                    0.50008041581722,
                    -0.6207501227151422,
                    -0.603811943294609,
                    -2.520950273643985
                ],
                [
                    0.3864556498208411,
                    0.783949320993894,
                    -0.4858760056174451,
                    -1.8650591358681456
                ],
                [
                    0.7749655530651848,
                    0.009630538009278993,
                    0.631930094472501,
                    1.7102062208858144
                ],
                [
                    0.0,
                    0.0,
                    0.0,
                    1.0
                ]
            ]
        },
        {
            "file_path": "images\\train_frame_00086.jpg",
            "transform_matrix": [
                [
                    0.25560222080320244,
                    -0.9665051267970675,
                    0.02313751489368554,
                    1.1877669510904538
                ],
                [
                    0.9630425495035888,
                    0.25243770291600603,
                    -0.0939375004570481,
                    -0.18441606982858622
                ],
                [
                    0.08495029467929202,
                    0.04629304506591553,
                    0.9953091988987276,
                    3.2943128057588202
                ],
                [
                    0.0,
                    0.0,
                    0.0,
                    1.0
                ]
            ]
        },
        {
            "file_path": "images\\eval_frame_00089.jpg",
            "transform_matrix": [
                [
                    -0.0052330973373058256,
                    -0.9992645514501342,
                    0.03798645689480433,
                    1.344076317872102
                ],
                [
                    0.9773462692385094,
                    0.0029265387858532096,
                    0.21162633431664937,
                    1.3839144609158773
                ],
                [
                    -0.2115818628754025,
                    0.03823338313434271,
                    0.976612166479753,
                    2.9489778379246565
                ],
                [
                    0.0,
                    0.0,
                    0.0,
                    1.0
                ]
            ]
        },
        {
            "file_path": "images\\train_frame_00093.jpg",
            "transform_matrix": [
                [
                    -0.3882481327571501,
                    -0.9214708613363319,
                    0.012443436770640644,
                    0.8499108024128055
                ],
                [
                    0.5855845121302772,
                    -0.23625622040605163,
                    0.7754184531416519,
                    2.4943391953698413
                ],
                [
                    -0.711585670572231,
                    0.3083414503882437,
                    0.6313251012028134,
                    0.2651207457888074
                ],
                [
                    0.0,
                    0.0,
                    0.0,
                    1.0
                ]
            ]
        },
        {
            "file_path": "images\\eval_frame_00099.jpg",
            "transform_matrix": [
                [
                    -0.5831655400981741,
                    -0.7360350836845836,
                    -0.3437590848653061,
                    -0.28886257116642794
                ],
                [
                    -0.1929805906875306,
                    -0.28553043832652675,
                    0.9387389735208362,
                    3.432616880211316
                ],
                [
                    -0.7890985011137054,
                    0.6137790517559959,
                    0.02447102706496045,
                    -1.7620775619145062
                ],
                [
                    0.0,
                    0.0,
                    0.0,
                    1.0
                ]
            ]
        },
        {
            "file_path": "images\\train_frame_00100.jpg",
            "transform_matrix": [
                [
                    -0.5717935761296598,
                    -0.7107871558892273,
                    -0.4096751460849901,
                    -0.3392493129800827
                ],
                [
                    -0.36512605379833896,
                    -0.2266969255940612,
                    0.9029349194509271,
                    2.9224728596925895
                ],
                [
                    -0.7346666394593583,
                    0.6658754560344627,
                    -0.12990306353735057,
                    -1.9834261758722016
                ],
                [
                    0.0,
                    0.0,
                    0.0,
                    1.0
                ]
            ]
        },
        {
            "file_path": "images\\train_frame_00106.jpg",
            "transform_matrix": [
                [
                    -0.4235671962594492,
                    -0.45468766934664345,
                    -0.7834857711516059,
                    -2.403044985772073
                ],
                [
                    -0.888237737677541,
                    0.038675582293220094,
                    0.4577531219989261,
                    2.0212779686752804
                ],
                [
                    -0.17783293176010048,
                    0.889810835334341,
                    -0.42025245472597694,
                    -3.529212908799195
                ],
                [
                    0.0,
                    0.0,
                    0.0,
                    1.0
                ]
            ]
        },
        {
            "file_path": "images\\eval_frame_00109.jpg",
            "transform_matrix": [
                [
                    -0.12826732468876648,
                    -0.47883754493744274,
                    -0.8684826417237531,
                    -1.4329140055854037
                ],
                [
                    -0.9612323587927618,
                    0.2755595600485468,
                    -0.009963998973994892,
                    0.7937881229384536
                ],
                [
                    0.24408983146966406,
                    0.8335355627830966,
                    -0.49561943035859357,
                    -2.9644108025676164
                ],
                [
                    0.0,
                    0.0,
                    0.0,
                    1.0
                ]
            ]
        },
        {
            "file_path": "images\\train_frame_00113.jpg",
            "transform_matrix": [
                [
                    0.24462156195506857,
                    -0.6186092999755103,
                    -0.746647725109018,
                    -3.1580217048372297
                ],
                [
                    -0.6351933510793004,
                    0.4795636738464766,
                    -0.6054321510058073,
                    -2.096806625592465
                ],
                [
                    0.7325910852387646,
                    0.6223674290245912,
                    -0.27562489930702827,
                    -4.114895816881291
                ],
                [
                    0.0,
                    0.0,
                    0.0,
                    1.0
                ]
            ]
        },
        {
            "file_path": "images\\eval_frame_00119.jpg",
            "transform_matrix": [
                [
                    0.37868750225605013,
                    -0.7032065320652723,
                    -0.6017444215743154,
                    -1.4054940074891746
                ],
                [
                    -0.11598070384709065,
                    0.6089849737380599,
                    -0.7846564713913903,
                    -1.9784654269077762
                ],
                [
                    0.9182288668791716,
                    0.366930340830501,
                    0.14905661007753032,
                    -1.3396050476183161
                ],
                [
                    0.0,
                    0.0,
                    0.0,
                    1.0
                ]
            ]
        },
        {
            "file_path": "images\\train_frame_00120.jpg",
            "transform_matrix": [
                [
                    0.40699201753435377,
                    -0.7479582037033637,
                    -0.5243243492115864,
                    -0.9357192302949299
                ],
                [
                    0.06598661920104365,
                    0.5965912000972181,
                    -0.7998279227765039,
                    -1.6462437465256774
                ],
                [
                    0.9110451491280399,
                    0.2909251888018608,
                    0.2921630893368786,
                    -0.9407514641007448
                ],
                [
                    0.0,
                    0.0,
                    0.0,
                    1.0
                ]
            ]
        },
        {
            "file_path": "images\\train_frame_00126.jpg",
            "transform_matrix": [
                [
                    0.3510964039481202,
                    -0.9290836106987806,
                    -0.11633984470341736,
                    0.45600902725913556
                ],
                [
                    0.7947895153725975,
                    0.36139781197168536,
                    -0.48754614936010937,
                    -3.786262183138953
                ],
                [
                    0.4950161021507181,
                    0.0787100110087352,
                    0.8653113848658844,
                    3.1606791366108022
                ],
                [
                    0.0,
                    0.0,
                    0.0,
                    1.0
                ]
            ]
        }
    ]
}