{
    "camera_angle_x": 0.6911112070083618,
    "frames": [
        {
            "file_path": "./train/r_16",
            "rotation": 0.012566370614359171,
            "transform_matrix": [
                [
                    0.1303573101758957,
                    0.5973315834999084,
                    -0.7913291454315186,
                    -3.1899499893188477
                ],
                [
                    -0.9914670586585999,
                    0.07853669673204422,
                    -0.10404333472251892,
                    -0.41941213607788086
                ],
                [
                    7.4505797087454084e-09,
                    0.7981396317481995,
                    0.6024724841117859,
                    2.4286444187164307
                ],
                [
                    0.0,
                    0.0,
                    0.0,
                    1.0
                ]
            ]
        },
        {
            "file_path": "./train/r_22",
            "rotation": 0.012566370614359171,
            "transform_matrix": [
                [
                    -0.4602559208869934,
                    -0.5367125868797302,
                    0.7071803212165833,
                    2.8507351875305176
                ],
                [
                    0.887786328792572,
                    -0.2782484292984009,
                    0.3666241765022278,
                    1.4779094457626343
                ],
                [
                    0.0,
                    0.7965658903121948,
                    0.6045514941215515,
                    2.437025308609009
                ],
                [
                    0.0,
                    0.0,
                    0.0,
                    1.0
                ]
            ]
        },
        {
            "file_path": "./train/r_23",
            "rotation": 0.012566370614359171,
            "transform_matrix": [
                [
                    -0.4675160050392151,
                    0.5285975337028503,
                    -0.7085289359092712,
                    -2.8561718463897705
                ],
                [
                    -0.8839846849441528,
                    -0.27956119179725647,
                    0.37472212314605713,
                    1.5105533599853516
                ],
                [
                    0.0,
                    0.8015173077583313,
                    0.5979713797569275,
                    2.4105000495910645
                ],
                [
                    0.0,
                    0.0,
                    0.0,
                    1.0
                ]
            ]
        },
        {
            "file_path": "./train/r_24",
            "rotation": 0.012566370614359171,
            "transform_matrix": [
                [
                    0.7739522457122803,
                    0.35971799492836,
                    -0.5211533904075623,
                    -2.1008365154266357
                ],
                [
                    -0.633243978023529,
                    0.4396481513977051,
                    -0.6369548439979553,
                    -2.5676472187042236
                ],
                [
                    0.0,
                    0.8229899406433105,
                    0.5680559277534485,
                    2.2899067401885986
                ],
                [
                    0.0,
                    0.0,
                    0.0,
                    1.0
                ]
            ]
        },
        {
            "file_path": "./train/r_27",
            "rotation": 0.012566370614359171,
            "transform_matrix": [
                [
                    -0.9902960658073425,
                    0.09176140278577805,
                    -0.10437164455652237,
                    -0.42073559761047363
                ],
                [
                    -0.13897335529327393,
                    -0.6538731455802917,
                    0.7437312006950378,
                    2.9980766773223877
                ],
                [
                    0.0,
                    0.7510190606117249,
                    0.6602804064750671,
                    2.6616756916046143
                ],
                [
                    0.0,
                    0.0,
                    0.0,
                    1.0
                ]
            ]
        },
        {
            "file_path": "./train/r_45",
            "rotation": 0.012566370614359171,
            "transform_matrix": [
                [
                    -0.5594504475593567,
                    0.5238707065582275,
                    -0.6423196196556091,
                    -2.589273452758789
                ],
                [
                    -0.8288636207580566,
                    -0.3535921573638916,
                    0.43354055285453796,
                    1.7476580142974854
                ],
                [
                    0.0,
                    0.774940013885498,
                    0.6320346593856812,
                    2.5478134155273438
                ],
                [
                    0.0,
                    0.0,
                    0.0,
                    1.0
                ]
            ]
        },
        {
            "file_path": "./train/r_50",
            "rotation": 0.012566370614359171,
            "transform_matrix": [
                [
                    -0.9326563477516174,
                    -0.22499778866767883,
                    0.282007098197937,
                    1.1368069648742676
                ],
                [
                    0.36076587438583374,
                    -0.5816670060157776,
                    0.7290481925010681,
                    2.938887357711792
                ],
                [
                    0.0,
                    0.7816900014877319,
                    0.6236670613288879,
                    2.514082431793213
                ],
                [
                    0.0,
                    0.0,
                    0.0,
                    1.0
                ]
            ]
        },
        {
            "file_path": "./train/r_59",
            "rotation": 0.012566370614359171,
            "transform_matrix": [
                [
                    -0.28166845440864563,
                    -0.5504832863807678,
                    0.7858948707580566,
                    3.168043851852417
                ],
                [
                    0.9595118761062622,
                    -0.16159653663635254,
                    0.2307025045156479,
                    0.929991602897644
                ],
                [
                    2.980232594040899e-08,
                    0.819057047367096,
                    0.5737119317054749,
                    2.31270694732666
                ],
                [
                    0.0,
                    0.0,
                    0.0,
                    1.0
                ]
            ]
        },
        {
            "file_path": "./train/r_73",
            "rotation": 0.012566370614359171,
            "transform_matrix": [
                [
                    0.6466457843780518,
                    -0.4112951159477234,
                    0.6424060463905334,
                    2.5896217823028564
                ],
                [
                    0.7627904415130615,
                    0.3486701548099518,
                    -0.5445914268493652,
                    -2.1953184604644775
                ],
                [
                    -1.4901161193847656e-08,
                    0.842179000377655,
                    0.5391979217529297,
                    2.173576593399048
                ],
                [
                    0.0,
                    0.0,
                    0.0,
                    1.0
                ]
            ]
        },
        {
            "file_path": "./train/r_94",
            "rotation": 0.012566370614359171,
            "transform_matrix": [
                [
                    -0.47700220346450806,
                    0.4823406934738159,
                    -0.7347218990325928,
                    -2.961758852005005
                ],
                [
                    -0.8789020776748657,
                    -0.2617783844470978,
                    0.39875200390815735,
                    1.6074209213256836
                ],
                [
                    1.4901161193847656e-08,
                    0.8359542489051819,
                    0.5487990379333496,
                    2.212280035018921
                ],
                [
                    0.0,
                    0.0,
                    0.0,
                    1.0
                ]
            ]
        }
    ]
}