{
    "camera_angle_x": 0.6911112070083618,
    "frames": [
        {
            "file_path": "./train/r_3",
            "rotation": 0.012566370614359171,
            "transform_matrix": [
                [
                    0.7956318259239197,
                    0.5209260582923889,
                    -0.3092023432254791,
                    -1.2464345693588257
                ],
                [
                    -0.6057805418968201,
                    0.6841840147972107,
                    -0.40610620379447937,
                    -1.6370664834976196
                ],
                [
                    -1.4901161193847656e-08,
                    0.5104197859764099,
                    0.859925389289856,
                    3.4664700031280518
                ],
                [
                    0.0,
                    0.0,
                    0.0,
                    1.0
                ]
            ]
        },
        {
            "file_path": "./train/r_7",
            "rotation": 0.012566370614359171,
            "transform_matrix": [
                [
                    0.9045065641403198,
                    0.42524266242980957,
                    -0.03219788148999214,
                    -0.12979382276535034
                ],
                [
                    -0.426459938287735,
                    0.9019248485565186,
                    -0.0682905837893486,
                    -0.2752881646156311
                ],
                [
                    0.0,
                    0.07550014555454254,
                    0.9971457123756409,
                    4.019623279571533
                ],
                [
                    0.0,
                    0.0,
                    0.0,
                    1.0
                ]
            ]
        },
        {
            "file_path": "./train/r_11",
            "rotation": 0.012566370614359171,
            "transform_matrix": [
                [
                    -0.9757387638092041,
                    -0.17523755133152008,
                    0.13124708831310272,
                    0.52907395362854
                ],
                [
                    0.21893838047981262,
                    -0.7809780836105347,
                    0.5849266052246094,
                    2.357914447784424
                ],
                [
                    -7.450581485102248e-09,
                    0.5994703769683838,
                    0.8003968596458435,
                    3.2265028953552246
                ],
                [
                    0.0,
                    0.0,
                    0.0,
                    1.0
                ]
            ]
        },
        {
            "file_path": "./train/r_15",
            "rotation": 0.012566370614359171,
            "transform_matrix": [
                [
                    -0.6865485906600952,
                    -0.3086281418800354,
                    0.6583309769630432,
                    2.6538169384002686
                ],
                [
                    0.7270838618278503,
                    -0.2914219796657562,
                    0.6216287612915039,
                    2.5058655738830566
                ],
                [
                    0.0,
                    0.9054401516914368,
                    0.42447394132614136,
                    1.7111091613769531
                ],
                [
                    0.0,
                    0.0,
                    0.0,
                    1.0
                ]
            ]
        },
        {
            "file_path": "./train/r_19",
            "rotation": 0.012566370614359171,
            "transform_matrix": [
                [
                    0.5655173063278198,
                    -0.2501452565193176,
                    0.7858863472938538,
                    3.1680095195770264
                ],
                [
                    0.8247364163398743,
                    0.17152325809001923,
                    -0.5388780236244202,
                    -2.1722869873046875
                ],
                [
                    0.0,
                    0.9528940916061401,
                    0.30330324172973633,
                    1.2226545810699463
                ],
                [
                    0.0,
                    0.0,
                    0.0,
                    1.0
                ]
            ]
        },
        {
            "file_path": "./train/r_23",
            "rotation": 0.012566370614359171,
            "transform_matrix": [
                [
                    -0.4675160050392151,
                    0.5285975337028503,
                    -0.7085289359092712,
                    -2.8561718463897705
                ],
                [
                    -0.8839846849441528,
                    -0.27956119179725647,
                    0.37472212314605713,
                    1.5105533599853516
                ],
                [
                    0.0,
                    0.8015173077583313,
                    0.5979713797569275,
                    2.4105000495910645
                ],
                [
                    0.0,
                    0.0,
                    0.0,
                    1.0
                ]
            ]
        },
        {
            "file_path": "./train/r_27",
            "rotation": 0.012566370614359171,
            "transform_matrix": [
                [
                    -0.9902960658073425,
                    0.09176140278577805,
                    -0.10437164455652237,
                    -0.42073559761047363
                ],
                [
                    -0.13897335529327393,
                    -0.6538731455802917,
                    0.7437312006950378,
                    2.9980766773223877
                ],
                [
                    0.0,
                    0.7510190606117249,
                    0.6602804064750671,
                    2.6616756916046143
                ],
                [
                    0.0,
                    0.0,
                    0.0,
                    1.0
                ]
            ]
        },
        {
            "file_path": "./train/r_31",
            "rotation": 0.012566370614359171,
            "transform_matrix": [
                [
                    -0.15501070022583008,
                    0.9340341687202454,
                    -0.32179465889930725,
                    -1.2971957921981812
                ],
                [
                    -0.9879127740859985,
                    -0.1465567648410797,
                    0.050491925328969955,
                    0.20353946089744568
                ],
                [
                    0.0,
                    0.3257317543029785,
                    0.945462167263031,
                    3.8112800121307373
                ],
                [
                    0.0,
                    0.0,
                    0.0,
                    1.0
                ]
            ]
        },
        {
            "file_path": "./train/r_35",
            "rotation": 0.012566370614359171,
            "transform_matrix": [
                [
                    -0.3977896273136139,
                    0.3703862130641937,
                    -0.8393910527229309,
                    -3.3836936950683594
                ],
                [
                    -0.9174765944480896,
                    -0.1605880707502365,
                    0.36393412947654724,
                    1.4670655727386475
                ],
                [
                    0.0,
                    0.9148910045623779,
                    0.40370094776153564,
                    1.6273707151412964
                ],
                [
                    0.0,
                    0.0,
                    0.0,
                    1.0
                ]
            ]
        },
        {
            "file_path": "./train/r_39",
            "rotation": 0.012566370614359171,
            "transform_matrix": [
                [
                    -0.9966232776641846,
                    0.07444921880960464,
                    -0.034631188958883286,
                    -0.13960279524326324
                ],
                [
                    -0.0821097195148468,
                    -0.9036424160003662,
                    0.4203430414199829,
                    1.6944570541381836
                ],
                [
                    0.0,
                    0.4217672646045685,
                    0.9067041277885437,
                    3.655041217803955
                ],
                [
                    0.0,
                    0.0,
                    0.0,
                    1.0
                ]
            ]
        },
        {
            "file_path": "./train/r_43",
            "rotation": 0.012566370614359171,
            "transform_matrix": [
                [
                    0.6021551489830017,
                    -0.635220468044281,
                    0.48363634943962097,
                    1.9496005773544312
                ],
                [
                    0.7983791828155518,
                    0.47909730672836304,
                    -0.36476919054985046,
                    -1.4704318046569824
                ],
                [
                    -1.4901162970204496e-08,
                    0.6057727932929993,
                    0.7956376075744629,
                    3.207318067550659
                ],
                [
                    0.0,
                    0.0,
                    0.0,
                    1.0
                ]
            ]
        },
        {
            "file_path": "./train/r_47",
            "rotation": 0.012566370614359171,
            "transform_matrix": [
                [
                    -0.9168165326118469,
                    -0.3853738605976105,
                    0.1045677587389946,
                    0.42152610421180725
                ],
                [
                    0.3993086814880371,
                    -0.8848220705986023,
                    0.2400885820388794,
                    0.9678280353546143
                ],
                [
                    -7.450580596923828e-09,
                    0.26187196373939514,
                    0.9651026129722595,
                    3.8904531002044678
                ],
                [
                    0.0,
                    0.0,
                    0.0,
                    1.0
                ]
            ]
        },
        {
            "file_path": "./train/r_51",
            "rotation": 0.012566370614359171,
            "transform_matrix": [
                [
                    -0.8471797108650208,
                    0.14040516316890717,
                    -0.5124186873435974,
                    -2.0656259059906006
                ],
                [
                    -0.5313065052032471,
                    -0.22387906908988953,
                    0.8170626759529114,
                    3.2936851978302
                ],
                [
                    7.450580596923828e-09,
                    0.9644504189491272,
                    0.26426392793655396,
                    1.0652819871902466
                ],
                [
                    0.0,
                    0.0,
                    0.0,
                    1.0
                ]
            ]
        },
        {
            "file_path": "./train/r_55",
            "rotation": 0.012566370614359171,
            "transform_matrix": [
                [
                    0.933196485042572,
                    -0.07844070345163345,
                    0.3507015109062195,
                    1.413723111152649
                ],
                [
                    0.35936683416366577,
                    0.2036931961774826,
                    -0.9106944799423218,
                    -3.6711270809173584
                ],
                [
                    0.0,
                    0.9758873581886292,
                    0.21827472746372223,
                    0.8798936009407043
                ],
                [
                    0.0,
                    0.0,
                    0.0,
                    1.0
                ]
            ]
        },
        {
            "file_path": "./train/r_59",
            "rotation": 0.012566370614359171,
            "transform_matrix": [
                [
                    -0.28166845440864563,
                    -0.5504832863807678,
                    0.7858948707580566,
                    3.168043851852417
                ],
                [
                    0.9595118761062622,
                    -0.16159653663635254,
                    0.2307025045156479,
                    0.929991602897644
                ],
                [
                    2.980232594040899e-08,
                    0.819057047367096,
                    0.5737119317054749,
                    2.31270694732666
                ],
                [
                    0.0,
                    0.0,
                    0.0,
                    1.0
                ]
            ]
        },
        {
            "file_path": "./train/r_63",
            "rotation": 0.012566370614359171,
            "transform_matrix": [
                [
                    0.7933609485626221,
                    -0.19958899915218353,
                    0.5751022100448608,
                    2.3183114528656006
                ],
                [
                    0.6087514758110046,
                    0.2601161599159241,
                    -0.7495071887969971,
                    -3.021360397338867
                ],
                [
                    0.0,
                    0.9447241425514221,
                    0.3278660774230957,
                    1.3216705322265625
                ],
                [
                    0.0,
                    0.0,
                    0.0,
                    1.0
                ]
            ]
        },
        {
            "file_path": "./train/r_67",
            "rotation": 0.012566370614359171,
            "transform_matrix": [
                [
                    -0.9999840259552002,
                    0.002792684594169259,
                    -0.004916718695312738,
                    -0.019819926470518112
                ],
                [
                    -0.005654485896229744,
                    -0.4938804805278778,
                    0.8695114254951477,
                    3.505112648010254
                ],
                [
                    -2.3283064365386963e-10,
                    0.8695253133773804,
                    0.49388840794563293,
                    1.990927815437317
                ],
                [
                    0.0,
                    0.0,
                    0.0,
                    1.0
                ]
            ]
        },
        {
            "file_path": "./train/r_71",
            "rotation": 0.012566370614359171,
            "transform_matrix": [
                [
                    0.9513999223709106,
                    0.208729088306427,
                    -0.22642995417118073,
                    -0.9127683639526367
                ],
                [
                    -0.30795836448669434,
                    0.6448431015014648,
                    -0.6995278000831604,
                    -2.8198866844177246
                ],
                [
                    0.0,
                    0.7352616190910339,
                    0.6777834296226501,
                    2.7322323322296143
                ],
                [
                    0.0,
                    0.0,
                    0.0,
                    1.0
                ]
            ]
        },
        {
            "file_path": "./train/r_75",
            "rotation": 0.012566370614359171,
            "transform_matrix": [
                [
                    -0.9798775315284729,
                    0.03400515764951706,
                    -0.19668211042881012,
                    -0.7928509712219238
                ],
                [
                    -0.19960013031959534,
                    -0.16693821549415588,
                    0.9655523896217346,
                    3.892266273498535
                ],
                [
                    3.725290742551124e-09,
                    0.9853807687759399,
                    0.17036642134189606,
                    0.6867690086364746
                ],
                [
                    0.0,
                    0.0,
                    0.0,
                    1.0
                ]
            ]
        },
        {
            "file_path": "./train/r_79",
            "rotation": 0.012566370614359171,
            "transform_matrix": [
                [
                    -0.9993038773536682,
                    -0.0326223149895668,
                    0.018094748258590698,
                    0.07294226437807083
                ],
                [
                    0.037304628640413284,
                    -0.8738756775856018,
                    0.4847160875797272,
                    1.9539530277252197
                ],
                [
                    0.0,
                    0.48505374789237976,
                    0.8744843602180481,
                    3.5251591205596924
                ],
                [
                    0.0,
                    0.0,
                    0.0,
                    1.0
                ]
            ]
        },
        {
            "file_path": "./train/r_83",
            "rotation": 0.012566370614359171,
            "transform_matrix": [
                [
                    -0.048472680151462555,
                    0.48035264015197754,
                    -0.8757349252700806,
                    -3.530200481414795
                ],
                [
                    -0.9988245964050293,
                    -0.023311378434300423,
                    0.04249916970729828,
                    0.1713196337223053
                ],
                [
                    0.0,
                    0.8767656087875366,
                    0.48091796040534973,
                    1.9386422634124756
                ],
                [
                    0.0,
                    0.0,
                    0.0,
                    1.0
                ]
            ]
        },
        {
            "file_path": "./train/r_87",
            "rotation": 0.012566370614359171,
            "transform_matrix": [
                [
                    0.44463157653808594,
                    0.7389402389526367,
                    -0.5062312483787537,
                    -2.0406837463378906
                ],
                [
                    -0.8957135677337646,
                    0.3668093979358673,
                    -0.2512928247451782,
                    -1.0129939317703247
                ],
                [
                    0.0,
                    0.5651710033416748,
                    0.8249737024307251,
                    3.325575590133667
                ],
                [
                    0.0,
                    0.0,
                    0.0,
                    1.0
                ]
            ]
        },
        {
            "file_path": "./train/r_91",
            "rotation": 0.012566370614359171,
            "transform_matrix": [
                [
                    0.9833629727363586,
                    -0.17399616539478302,
                    0.0521787591278553,
                    0.21033930778503418
                ],
                [
                    0.1816515475511551,
                    0.941920816898346,
                    -0.2824675142765045,
                    -1.1386629343032837
                ],
                [
                    7.450580152834618e-09,
                    0.2872464954853058,
                    0.9578567147254944,
                    3.861243963241577
                ],
                [
                    0.0,
                    0.0,
                    0.0,
                    1.0
                ]
            ]
        },
        {
            "file_path": "./train/r_95",
            "rotation": 0.012566370614359171,
            "transform_matrix": [
                [
                    0.4534713923931122,
                    -0.11268524080514908,
                    0.8841186165809631,
                    3.5639960765838623
                ],
                [
                    0.8912708163261414,
                    0.057333339005708694,
                    -0.44983240962028503,
                    -1.813332438468933
                ],
                [
                    0.0,
                    0.9919751882553101,
                    0.12643210589885712,
                    0.5096641182899475
                ],
                [
                    0.0,
                    0.0,
                    0.0,
                    1.0
                ]
            ]
        },
        {
            "file_path": "./train/r_99",
            "rotation": 0.012566370614359171,
            "transform_matrix": [
                [
                    0.4406329095363617,
                    -0.730517566204071,
                    0.5217151641845703,
                    2.1031012535095215
                ],
                [
                    0.8976874351501465,
                    0.35857704281806946,
                    -0.25608566403388977,
                    -1.032314419746399
                ],
                [
                    -1.4901161193847656e-08,
                    0.5811769366264343,
                    0.8137771487236023,
                    3.2804408073425293
                ],
                [
                    0.0,
                    0.0,
                    0.0,
                    1.0
                ]
            ]
        }
    ]
}