{
    "fl_x": 1074.452670937213,
    "fl_y": 1072.2149734095053,
    "cx": 1487.9938481094716,
    "cy": 998.8971959995184,
    "w": 3008,
    "h": 2000,
    "camera_model": "OPENCV_FISHEYE",
    "k1": 0.03060524881256097,
    "k2": 0.006503338324805288,
    "k3": 0.0001980286672716662,
    "k4": 0.0001619462046311063,
    "frames": [
        {
            "file_path": "images\\eval_frame_00168.jpg",
            "transform_matrix": [
                [
                    0.28049074100259197,
                    -0.4787078733098414,
                    -0.8319637709918537,
                    -0.8752680149991012
                ],
                [
                    -0.6986386390486498,
                    0.49254204260263384,
                    -0.5189473849024343,
                    -2.108662861250041
                ],
                [
                    0.6582013341220656,
                    0.7268019732361726,
                    -0.19629033460651804,
                    -4.434933014911396
                ],
                [
                    0.0,
                    0.0,
                    0.0,
                    1.0
                ]
            ]
        },
        {
            "file_path": "images\\train_frame_00163.jpg",
            "transform_matrix": [
                [
                    0.15989216801599274,
                    -0.9648834078601343,
                    -0.20840946198135832,
                    -1.6929858028879745
                ],
                [
                    -0.7453028833738607,
                    0.020436284141218206,
                    -0.6664127627267562,
                    -1.9002721941651615
                ],
                [
                    0.6472697325240491,
                    0.2618823543630099,
                    -0.7158627842202248,
                    -4.052953936936612
                ],
                [
                    0.0,
                    0.0,
                    0.0,
                    1.0
                ]
            ]
        },
        {
            "file_path": "images\\eval_frame_00158.jpg",
            "transform_matrix": [
                [
                    -0.5211515482158536,
                    -0.8459154155324237,
                    -0.11326152725804857,
                    0.9959581010557701
                ],
                [
                    0.37827789503729087,
                    -0.34790584751790227,
                    0.8578271127616603,
                    3.7899660485186755
                ],
                [
                    -0.7650535261786428,
                    0.4042135957973916,
                    0.5013027738345041,
                    -0.13253627359338313
                ],
                [
                    0.0,
                    0.0,
                    0.0,
                    1.0
                ]
            ]
        },
        {
            "file_path": "images\\train_frame_00157.jpg",
            "transform_matrix": [
                [
                    -0.4747220422765038,
                    -0.8612283940149944,
                    0.18145146987329386,
                    1.7345370729798644
                ],
                [
                    0.42342757686241084,
                    -0.042742604197456555,
                    0.9049210777403995,
                    4.111671366980499
                ],
                [
                    -0.7715880181348412,
                    0.506417538330549,
                    0.3849587083597076,
                    -0.17476254610305128
                ],
                [
                    0.0,
                    0.0,
                    0.0,
                    1.0
                ]
            ]
        },
        {
            "file_path": "images\\train_frame_00152.jpg",
            "transform_matrix": [
                [
                    -0.3592724978354493,
                    -0.8289291931751767,
                    0.4287186315067584,
                    0.4953163152993745
                ],
                [
                    0.5867877051221407,
                    0.15656725823733633,
                    0.794460120311608,
                    3.1148908530338355
                ],
                [
                    -0.725674487230031,
                    0.5369944937799584,
                    0.4301551490258339,
                    0.4876872509267849
                ],
                [
                    0.0,
                    0.0,
                    0.0,
                    1.0
                ]
            ]
        },
        {
            "file_path": "images\\eval_frame_00148.jpg",
            "transform_matrix": [
                [
                    -0.011752882349240651,
                    -0.992610497768983,
                    0.12077362905575363,
                    1.1296050642467774
                ],
                [
                    0.9664269809959773,
                    0.019727621034605083,
                    0.2561829646391733,
                    0.4580266594045301
                ],
                [
                    -0.2566724764354094,
                    0.11972978195556391,
                    0.9590537102547422,
                    2.2946000589417452
                ],
                [
                    0.0,
                    0.0,
                    0.0,
                    1.0
                ]
            ]
        },
        {
            "file_path": "images\\train_frame_00146.jpg",
            "transform_matrix": [
                [
                    0.1325108556335339,
                    -0.4467684120537691,
                    0.8847818144210596,
                    1.7430126980856095
                ],
                [
                    0.9779590551444763,
                    0.20425142748195538,
                    -0.043329445328861446,
                    -1.0137107991375227
                ],
                [
                    -0.16135972112082989,
                    0.8710220091148886,
                    0.46398674554050673,
                    2.5683884653761293
                ],
                [
                    0.0,
                    0.0,
                    0.0,
                    1.0
                ]
            ]
        },
        {
            "file_path": "images\\train_frame_00141.jpg",
            "transform_matrix": [
                [
                    0.22226560537653514,
                    -0.8479833388786476,
                    0.4811675982969165,
                    2.611343540219141
                ],
                [
                    0.9666793788067514,
                    0.12738202269126048,
                    -0.22204683939402622,
                    -0.7539217005009985
                ],
                [
                    0.12699991833224006,
                    0.5144881702034593,
                    0.8480406496532468,
                    1.824265850465471
                ],
                [
                    0.0,
                    0.0,
                    0.0,
                    1.0
                ]
            ]
        },
        {
            "file_path": "images\\eval_frame_00138.jpg",
            "transform_matrix": [
                [
                    0.050155717064777096,
                    -0.7655390963661837,
                    0.6414314429310155,
                    0.3741919845957994
                ],
                [
                    0.9986809360170855,
                    0.04550968049950269,
                    -0.023775134423830828,
                    1.0123896597928592
                ],
                [
                    -0.010990545107321519,
                    0.6417778127324751,
                    0.7668118719754955,
                    3.7057405042454956
                ],
                [
                    0.0,
                    0.0,
                    0.0,
                    1.0
                ]
            ]
        },
        {
            "file_path": "images\\train_frame_00135.jpg",
            "transform_matrix": [
                [
                    0.01105940464402192,
                    -0.9662359494872257,
                    0.25742140448579487,
                    0.9251236746725716
                ],
                [
                    0.9813997306049834,
                    0.05983106512641338,
                    0.18241384929413926,
                    1.678158226986768
                ],
                [
                    -0.19165661568906472,
                    0.2506159084422981,
                    0.9489253964871294,
                    4.274877531632404
                ],
                [
                    0.0,
                    0.0,
                    0.0,
                    1.0
                ]
            ]
        },
        {
            "file_path": "images\\train_frame_00130.jpg",
            "transform_matrix": [
                [
                    0.25145418556576843,
                    -0.9662698790008708,
                    0.05561756464551826,
                    1.2374084367934401
                ],
                [
                    0.9172273535961012,
                    0.21955931415154858,
                    -0.3323968853409947,
                    -1.2491017604406278
                ],
                [
                    0.3089737438303599,
                    0.13459653972128677,
                    0.94149827249895,
                    2.9879639912525233
                ],
                [
                    0.0,
                    0.0,
                    0.0,
                    1.0
                ]
            ]
        },
        {
            "file_path": "images\\eval_frame_00128.jpg",
            "transform_matrix": [
                [
                    0.3230041887297074,
                    -0.9452915176669495,
                    -0.0457410175879261,
                    1.1962161293449318
                ],
                [
                    0.8492064718544959,
                    0.31082852983478376,
                    -0.4268887363250362,
                    -2.7577973838929153
                ],
                [
                    0.4177519146856217,
                    0.09904328178964111,
                    0.903146591705264,
                    3.578781282078476
                ],
                [
                    0.0,
                    0.0,
                    0.0,
                    1.0
                ]
            ]
        },
        {
            "file_path": "images\\train_frame_00056.jpg",
            "transform_matrix": [
                [
                    -0.04175851287439384,
                    -0.031278764389424674,
                    -0.9986380052355257,
                    -3.712271104165201
                ],
                [
                    -0.9409118263112216,
                    0.3374268487948404,
                    0.028775976439820466,
                    0.8568993365320507
                ],
                [
                    0.3360671982062521,
                    0.9408319513125895,
                    -0.04352100273597725,
                    -2.411730119382905
                ],
                [
                    0.0,
                    0.0,
                    0.0,
                    1.0
                ]
            ]
        },
        {
            "file_path": "images\\train_frame_00051.jpg",
            "transform_matrix": [
                [
                    -0.2192770288528695,
                    -0.74372065061151,
                    -0.6315039021822826,
                    0.2431838288146855
                ],
                [
                    -0.9722993447581108,
                    0.2202695378645114,
                    0.07820047871913988,
                    0.7304797731303245
                ],
                [
                    0.08094176178219674,
                    0.6311583989324286,
                    -0.7714191510823718,
                    -4.331820950386868
                ],
                [
                    0.0,
                    0.0,
                    0.0,
                    1.0
                ]
            ]
        },
        {
            "file_path": "images\\eval_frame_00050.jpg",
            "transform_matrix": [
                [
                    -0.19881306231890167,
                    -0.7110372207438997,
                    -0.6744623317637325,
                    -0.35549466433823307
                ],
                [
                    -0.976236118717673,
                    0.20423901431430935,
                    0.07245319553320537,
                    0.8498590141302353
                ],
                [
                    0.08623460304561074,
                    0.6728391306610444,
                    -0.7347456005236479,
                    -3.9010215206703323
                ],
                [
                    0.0,
                    0.0,
                    0.0,
                    1.0
                ]
            ]
        },
        {
            "file_path": "images\\train_frame_00045.jpg",
            "transform_matrix": [
                [
                    -0.4698478961859257,
                    -0.2937182206662666,
                    -0.8324497349980369,
                    -3.234217833488261
                ],
                [
                    -0.8407194170888684,
                    -0.13862160826570077,
                    0.5234261279794727,
                    3.024267059389707
                ],
                [
                    -0.26913531202614843,
                    0.9457873210032329,
                    -0.181803540257374,
                    -1.3483416979067784
                ],
                [
                    0.0,
                    0.0,
                    0.0,
                    1.0
                ]
            ]
        },
        {
            "file_path": "images\\eval_frame_00040.jpg",
            "transform_matrix": [
                [
                    -0.5645714291564157,
                    -0.7694487653116248,
                    -0.2986765791633122,
                    0.946836799766623
                ],
                [
                    -0.30074311160995526,
                    -0.14521689515608713,
                    0.9425845501494218,
                    3.5029576239433906
                ],
                [
                    -0.7686434037962234,
                    0.621981230361208,
                    -0.14942110586832677,
                    -2.604045203993824
                ],
                [
                    0.0,
                    0.0,
                    0.0,
                    1.0
                ]
            ]
        },
        {
            "file_path": "images\\train_frame_00039.jpg",
            "transform_matrix": [
                [
                    -0.5489203392454597,
                    -0.8101433845017727,
                    -0.20580125779659958,
                    1.8197629566967233
                ],
                [
                    -0.29163636275239396,
                    -0.04511633587041117,
                    0.9554646765622379,
                    3.3487075889225286
                ],
                [
                    -0.7833483855113272,
                    0.5844931246692653,
                    -0.21150199557251279,
                    -2.993644598297078
                ],
                [
                    0.0,
                    0.0,
                    0.0,
                    1.0
                ]
            ]
        },
        {
            "file_path": "images\\train_frame_00034.jpg",
            "transform_matrix": [
                [
                    -0.5768214728578654,
                    -0.7311477654073133,
                    -0.3642800208493115,
                    -1.2166627404513113
                ],
                [
                    -0.1379009664728153,
                    -0.3523874876593937,
                    0.9256383645824994,
                    3.646679889756897
                ],
                [
                    -0.805146143191375,
                    0.5841626517340804,
                    0.10243868616426659,
                    -0.5889518204832472
                ],
                [
                    0.0,
                    0.0,
                    0.0,
                    1.0
                ]
            ]
        },
        {
            "file_path": "images\\eval_frame_00030.jpg",
            "transform_matrix": [
                [
                    -0.4151260996535848,
                    -0.8399786620915933,
                    -0.34943693081473054,
                    -0.9340689524105696
                ],
                [
                    0.5274231255671059,
                    -0.5351663431574767,
                    0.6598650102623099,
                    3.7722133760357255
                ],
                [
                    -0.7412794129094821,
                    0.08962606976918386,
                    0.6651856880708594,
                    1.1576917734431664
                ],
                [
                    0.0,
                    0.0,
                    0.0,
                    1.0
                ]
            ]
        },
        {
            "file_path": "images\\train_frame_00012.jpg",
            "transform_matrix": [
                [
                    0.0836917642869752,
                    -0.933042419660983,
                    0.3498964585469698,
                    4.036396209501372
                ],
                [
                    0.993451042567513,
                    0.1055329216488804,
                    0.04379301850492225,
                    -0.04760655418534817
                ],
                [
                    -0.07778633949514897,
                    0.34393988655203883,
                    0.9357642009750727,
                    2.755883270809084
                ],
                [
                    0.0,
                    0.0,
                    0.0,
                    1.0
                ]
            ]
        },
        {
            "file_path": "images\\train_frame_00007.jpg",
            "transform_matrix": [
                [
                    0.26702445245053447,
                    -0.9628073264110241,
                    -0.04123098352874491,
                    -0.9200340530314313
                ],
                [
                    0.9293842896536265,
                    0.2685970626590342,
                    -0.2531806866172125,
                    -1.3308862767156902
                ],
                [
                    0.2548387410471897,
                    0.029286005876428583,
                    0.9665399867161675,
                    4.918841795648481
                ],
                [
                    0.0,
                    0.0,
                    0.0,
                    1.0
                ]
            ]
        },
        {
            "file_path": "images\\eval_frame_00004.jpg",
            "transform_matrix": [
                [
                    0.4141326787281254,
                    -0.8998356305998058,
                    -0.13707648344087672,
                    1.039748417703085
                ],
                [
                    0.7057027883036064,
                    0.41253461902408006,
                    -0.5760197589381568,
                    -2.948390826160483
                ],
                [
                    0.5748718978955072,
                    0.14181334919430807,
                    0.8058605803737461,
                    2.9475688362364028
                ],
                [
                    0.0,
                    0.0,
                    0.0,
                    1.0
                ]
            ]
        },
        {
            "file_path": "images\\train_frame_00001.jpg",
            "transform_matrix": [
                [
                    0.430532666297031,
                    -0.9003783684233388,
                    0.06293184350149002,
                    3.613658512957277
                ],
                [
                    0.6566997540427628,
                    0.26465416940679326,
                    -0.7061894955716739,
                    -3.7493416909904393
                ],
                [
                    0.619182571049399,
                    0.34536497258831417,
                    0.7052205182903634,
                    1.582747461879003
                ],
                [
                    0.0,
                    0.0,
                    0.0,
                    1.0
                ]
            ]
        },
        {
            "file_path": "images\\train_frame_00018.jpg",
            "transform_matrix": [
                [
                    -0.08453122403124619,
                    -0.9571652056979355,
                    -0.2769282238505277,
                    0.39164885616105044
                ],
                [
                    0.9504554232644398,
                    -0.1608936099665114,
                    0.26598446319129004,
                    2.1292847292618298
                ],
                [
                    -0.29914705505987166,
                    -0.24072393996686914,
                    0.9233433945049011,
                    3.0398336146620264
                ],
                [
                    0.0,
                    0.0,
                    0.0,
                    1.0
                ]
            ]
        },
        {
            "file_path": "images\\eval_frame_00020.jpg",
            "transform_matrix": [
                [
                    -0.18394662623769106,
                    -0.9730791535716155,
                    -0.13885459869993408,
                    0.35459773715178816
                ],
                [
                    0.8622978829509959,
                    -0.22755966217038182,
                    0.4523924858031268,
                    2.812574375396124
                ],
                [
                    -0.4718114027384265,
                    -0.03651795499819556,
                    0.8809429261925815,
                    2.3877311445260365
                ],
                [
                    0.0,
                    0.0,
                    0.0,
                    1.0
                ]
            ]
        },
        {
            "file_path": "images\\train_frame_00024.jpg",
            "transform_matrix": [
                [
                    -0.24021666701765593,
                    -0.9502582155624858,
                    0.19825558414059663,
                    3.2799571413081385
                ],
                [
                    0.7413809024918901,
                    -0.047758758659161155,
                    0.6693828937100547,
                    2.3739702229229387
                ],
                [
                    -0.6266181535091677,
                    0.30777983157987554,
                    0.7159757432800531,
                    -0.14810143557663458
                ],
                [
                    0.0,
                    0.0,
                    0.0,
                    1.0
                ]
            ]
        },
        {
            "file_path": "images\\train_frame_00029.jpg",
            "transform_matrix": [
                [
                    -0.28754262511919226,
                    -0.9228911420163953,
                    -0.25610774827645777,
                    0.06892164319278024
                ],
                [
                    0.6859195261582713,
                    -0.3850563948866529,
                    0.6174511935300689,
                    3.400364284933663
                ],
                [
                    -0.6684561633902228,
                    0.001874231727364692,
                    0.743749181432192,
                    1.168497574954624
                ],
                [
                    0.0,
                    0.0,
                    0.0,
                    1.0
                ]
            ]
        },
        {
            "file_path": "images\\eval_frame_00060.jpg",
            "transform_matrix": [
                [
                    0.192409568212097,
                    -0.49784696847277354,
                    -0.8456517924316743,
                    -3.307103752812629
                ],
                [
                    -0.6536530715264418,
                    0.5777294618952475,
                    -0.4888418260974358,
                    -0.7694938147690679
                ],
                [
                    0.731926376177606,
                    0.6468207362482254,
                    -0.21425852378568408,
                    -2.259375653278128
                ],
                [
                    0.0,
                    0.0,
                    0.0,
                    1.0
                ]
            ]
        },
        {
            "file_path": "images\\train_frame_00065.jpg",
            "transform_matrix": [
                [
                    0.3157669614326303,
                    -0.6790981449445405,
                    -0.6626589889230263,
                    -0.9407791929418157
                ],
                [
                    -0.5530094081342191,
                    0.43578985252915514,
                    -0.7101181584410139,
                    -1.9420905991458908
                ],
                [
                    0.7710199871486105,
                    0.5906885084081973,
                    -0.23793962564452098,
                    -3.209704800412275
                ],
                [
                    0.0,
                    0.0,
                    0.0,
                    1.0
                ]
            ]
        },
        {
            "file_path": "images\\eval_frame_00070.jpg",
            "transform_matrix": [
                [
                    0.47799115449732577,
                    -0.6248877516710547,
                    -0.6172841760759851,
                    -3.5869281378504128
                ],
                [
                    0.11778042013794315,
                    0.7420166059449862,
                    -0.6599538840964669,
                    -1.577320061444207
                ],
                [
                    0.8704322080750707,
                    0.24274812937153084,
                    0.4282769160627027,
                    0.694954901167596
                ],
                [
                    0.0,
                    0.0,
                    0.0,
                    1.0
                ]
            ]
        },
        {
            "file_path": "images\\train_frame_00071.jpg",
            "transform_matrix": [
                [
                    0.48815052219145977,
                    -0.7136366301921042,
                    -0.5024259425350792,
                    -2.7728748344873315
                ],
                [
                    0.21585806016306677,
                    0.6565110568483656,
                    -0.7227714231335376,
                    -1.7292969773282427
                ],
                [
                    0.8456443493259106,
                    0.24436855829647844,
                    0.47452043387957255,
                    0.8652031651906136
                ],
                [
                    0.0,
                    0.0,
                    0.0,
                    1.0
                ]
            ]
        },
        {
            "file_path": "images\\train_frame_00076.jpg",
            "transform_matrix": [
                [
                    0.4984514099032439,
                    -0.843525474802381,
                    -0.20002741143374847,
                    1.1677913078394722
                ],
                [
                    0.24074716453101008,
                    0.35634572248891305,
                    -0.9028059198045464,
                    -2.8576341679393136
                ],
                [
                    0.8328187046024765,
                    0.4018488514644184,
                    0.380697394055936,
                    -1.304681525119838
                ],
                [
                    0.0,
                    0.0,
                    0.0,
                    1.0
                ]
            ]
        },
        {
            "file_path": "images\\eval_frame_00080.jpg",
            "transform_matrix": [
                [
                    0.50008041581722,
                    -0.6207501227151422,
                    -0.603811943294609,
                    -2.520950273643985
                ],
                [
                    0.3864556498208411,
                    0.783949320993894,
                    -0.4858760056174451,
                    -1.8650591358681456
                ],
                [
                    0.7749655530651848,
                    0.009630538009278993,
                    0.631930094472501,
                    1.7102062208858144
                ],
                [
                    0.0,
                    0.0,
                    0.0,
                    1.0
                ]
            ]
        },
        {
            "file_path": "images\\train_frame_00082.jpg",
            "transform_matrix": [
                [
                    0.43009077646607874,
                    -0.8666230093581598,
                    -0.2529554973702138,
                    -0.4929029997136464
                ],
                [
                    0.6630613354713822,
                    0.49338583773300015,
                    -0.5629565529660461,
                    -1.9528230888279292
                ],
                [
                    0.6126757620485018,
                    0.07439741108071247,
                    0.7868249079832024,
                    1.9072402134156947
                ],
                [
                    0.0,
                    0.0,
                    0.0,
                    1.0
                ]
            ]
        },
        {
            "file_path": "images\\train_frame_00087.jpg",
            "transform_matrix": [
                [
                    0.17134432998675403,
                    -0.984465170389207,
                    0.038333391083232526,
                    1.3023091562365525
                ],
                [
                    0.9847473859323007,
                    0.17232775079237048,
                    0.023994420316875303,
                    0.4389568534783406
                ],
                [
                    -0.030227578151260665,
                    0.03363739879051823,
                    0.9989768860798117,
                    3.8458555088415816
                ],
                [
                    0.0,
                    0.0,
                    0.0,
                    1.0
                ]
            ]
        },
        {
            "file_path": "images\\eval_frame_00090.jpg",
            "transform_matrix": [
                [
                    -0.10429126614755235,
                    -0.9915726725994818,
                    0.0768567938393314,
                    1.3820780549254716
                ],
                [
                    0.9379977911597751,
                    -0.07238047423817151,
                    0.3390003108087665,
                    1.602700944233414
                ],
                [
                    -0.33058051301418745,
                    0.10744627449557512,
                    0.937641627975368,
                    2.2587049190427364
                ],
                [
                    0.0,
                    0.0,
                    0.0,
                    1.0
                ]
            ]
        },
        {
            "file_path": "images\\train_frame_00093.jpg",
            "transform_matrix": [
                [
                    -0.3882481327571501,
                    -0.9214708613363319,
                    0.012443436770640644,
                    0.8499108024128055
                ],
                [
                    0.5855845121302772,
                    -0.23625622040605163,
                    0.7754184531416519,
                    2.4943391953698413
                ],
                [
                    -0.711585670572231,
                    0.3083414503882437,
                    0.6313251012028134,
                    0.2651207457888074
                ],
                [
                    0.0,
                    0.0,
                    0.0,
                    1.0
                ]
            ]
        },
        {
            "file_path": "images\\train_frame_00098.jpg",
            "transform_matrix": [
                [
                    -0.5474952703345983,
                    -0.780360967527977,
                    -0.30213521694771756,
                    -0.2626294184964723
                ],
                [
                    -0.08359955556883097,
                    -0.30824344587960495,
                    0.9476270850819749,
                    4.126662216232109
                ],
                [
                    -0.8326223893638331,
                    0.544079716981865,
                    0.10352399866212067,
                    -1.4511018980315564
                ],
                [
                    0.0,
                    0.0,
                    0.0,
                    1.0
                ]
            ]
        },
        {
            "file_path": "images\\eval_frame_00100.jpg",
            "transform_matrix": [
                [
                    -0.5717935761296598,
                    -0.7107871558892273,
                    -0.4096751460849901,
                    -0.3392493129800827
                ],
                [
                    -0.36512605379833896,
                    -0.2266969255940612,
                    0.9029349194509271,
                    2.9224728596925895
                ],
                [
                    -0.7346666394593583,
                    0.6658754560344627,
                    -0.12990306353735057,
                    -1.9834261758722016
                ],
                [
                    0.0,
                    0.0,
                    0.0,
                    1.0
                ]
            ]
        },
        {
            "file_path": "images\\train_frame_00104.jpg",
            "transform_matrix": [
                [
                    -0.5358744212460193,
                    -0.4867233021354057,
                    -0.6898833465250849,
                    -2.2057916659694548
                ],
                [
                    -0.7418581041405015,
                    -0.11867319055806232,
                    0.6599721412028163,
                    3.2307604902201805
                ],
                [
                    -0.403094477728614,
                    0.8654577407367596,
                    -0.2974856988554561,
                    -3.7671045861824206
                ],
                [
                    0.0,
                    0.0,
                    0.0,
                    1.0
                ]
            ]
        },
        {
            "file_path": "images\\train_frame_00109.jpg",
            "transform_matrix": [
                [
                    -0.12826732468876648,
                    -0.47883754493744274,
                    -0.8684826417237531,
                    -1.4329140055854037
                ],
                [
                    -0.9612323587927618,
                    0.2755595600485468,
                    -0.009963998973994892,
                    0.7937881229384536
                ],
                [
                    0.24408983146966406,
                    0.8335355627830966,
                    -0.49561943035859357,
                    -2.9644108025676164
                ],
                [
                    0.0,
                    0.0,
                    0.0,
                    1.0
                ]
            ]
        },
        {
            "file_path": "images\\eval_frame_00110.jpg",
            "transform_matrix": [
                [
                    -0.00338807013840678,
                    -0.48801620992431216,
                    -0.8728279898306693,
                    -1.7668621626178724
                ],
                [
                    -0.9174415597852684,
                    0.3487809038216748,
                    -0.1914493810596132,
                    0.26509718819522526
                ],
                [
                    0.3978561365110643,
                    0.8001200284835052,
                    -0.44890804699854076,
                    -3.015058020132481
                ],
                [
                    0.0,
                    0.0,
                    0.0,
                    1.0
                ]
            ]
        },
        {
            "file_path": "images\\train_frame_00115.jpg",
            "transform_matrix": [
                [
                    0.29835976309398965,
                    -0.58456214141016,
                    -0.7544988764713081,
                    -3.3428510824873117
                ],
                [
                    -0.4800460026116297,
                    0.5913366559057115,
                    -0.6479790079615582,
                    -3.840601905793669
                ],
                [
                    0.8249468389799994,
                    0.5555250329303064,
                    -0.10418565469722127,
                    -3.528748522910776
                ],
                [
                    0.0,
                    0.0,
                    0.0,
                    1.0
                ]
            ]
        },
        {
            "file_path": "images\\eval_frame_00120.jpg",
            "transform_matrix": [
                [
                    0.40699201753435377,
                    -0.7479582037033637,
                    -0.5243243492115864,
                    -0.9357192302949299
                ],
                [
                    0.06598661920104365,
                    0.5965912000972181,
                    -0.7998279227765039,
                    -1.6462437465256774
                ],
                [
                    0.9110451491280399,
                    0.2909251888018608,
                    0.2921630893368786,
                    -0.9407514641007448
                ],
                [
                    0.0,
                    0.0,
                    0.0,
                    1.0
                ]
            ]
        },
        {
            "file_path": "images\\train_frame_00121.jpg",
            "transform_matrix": [
                [
                    0.43513463975899513,
                    -0.7988439699655433,
                    -0.4153386051542759,
                    -0.8653505541431235
                ],
                [
                    0.26973200295110616,
                    0.5557722874431054,
                    -0.7863598483482247,
                    -1.7323543938139776
                ],
                [
                    0.8590125097260192,
                    0.23014229546076123,
                    0.45730955814880764,
                    -0.5961771234750545
                ],
                [
                    0.0,
                    0.0,
                    0.0,
                    1.0
                ]
            ]
        },
        {
            "file_path": "images\\train_frame_00126.jpg",
            "transform_matrix": [
                [
                    0.3510964039481202,
                    -0.9290836106987806,
