{
    "camera_angle_x": 0.6911112070083618,
    "frames": [
        {
            "file_path": "./train/r_2",
            "rotation": 0.012566370614359171,
            "transform_matrix": [
                [
                    0.4429636299610138,
                    0.31377720832824707,
                    -0.8398374915122986,
                    -3.385493516921997
                ],
                [
                    -0.8965396881103516,
                    0.1550314873456955,
                    -0.41494810581207275,
                    -1.6727094650268555
                ],
                [
                    0.0,
                    0.936754584312439,
                    0.3499869406223297,
                    1.4108426570892334
                ],
                [
                    0.0,
                    0.0,
                    0.0,
                    1.0
                ]
            ]
        },
        {
            "file_path": "./train/r_5",
            "rotation": 0.012566370614359171,
            "transform_matrix": [
                [
                    -0.12173833698034286,
                    0.6862695217132568,
                    -0.7170870900154114,
                    -2.8906705379486084
                ],
                [
                    -0.9925621747970581,
                    -0.084171362221241,
                    0.08795115351676941,
                    0.35454243421554565
                ],
                [
                    0.0,
                    0.7224606275558472,
                    0.691412091255188,
                    2.7871713638305664
                ],
                [
                    0.0,
                    0.0,
                    0.0,
                    1.0
                ]
            ]
        },
        {
            "file_path": "./train/r_8",
            "rotation": 0.012566370614359171,
            "transform_matrix": [
                [
                    0.159989595413208,
                    0.33046624064445496,
                    -0.930158793926239,
                    -3.7495899200439453
                ],
                [
                    -0.9871187806129456,
                    0.053561095148324966,
                    -0.15075767040252686,
                    -0.607723593711853
                ],
                [
                    0.0,
                    0.9422966837882996,
                    0.33477866649627686,
                    1.3495359420776367
                ],
                [
                    0.0,
                    0.0,
                    0.0,
                    1.0
                ]
            ]
        },
        {
            "file_path": "./train/r_11",
            "rotation": 0.012566370614359171,
            "transform_matrix": [
                [
                    -0.9757387638092041,
                    -0.17523755133152008,
                    0.13124708831310272,
                    0.52907395362854
                ],
                [
                    0.21893838047981262,
                    -0.7809780836105347,
                    0.5849266052246094,
                    2.357914447784424
                ],
                [
                    -7.450581485102248e-09,
                    0.5994703769683838,
                    0.8003968596458435,
                    3.2265028953552246
                ],
                [
                    0.0,
                    0.0,
                    0.0,
                    1.0
                ]
            ]
        },
        {
            "file_path": "./train/r_14",
            "rotation": 0.012566370614359171,
            "transform_matrix": [
                [
                    -0.06348517537117004,
                    0.8717355132102966,
                    -0.48584654927253723,
                    -1.9585098028182983
                ],
                [
                    -0.9979828596115112,
                    -0.05545414239168167,
                    0.030906395986676216,
                    0.12458765506744385
                ],
                [
                    0.0,
                    0.4868285059928894,
                    0.8734976053237915,
                    3.521181106567383
                ],
                [
                    0.0,
                    0.0,
                    0.0,
                    1.0
                ]
            ]
        },
        {
            "file_path": "./train/r_17",
            "rotation": 0.012566370614359171,
            "transform_matrix": [
                [
                    0.28662192821502686,
                    -0.25357696413993835,
                    0.9238758683204651,
                    3.7242627143859863
                ],
                [
                    0.95804363489151,
                    0.07586367428302765,
                    -0.27639979124069214,
                    -1.1142032146453857
                ],
                [
                    0.0,
                    0.9643357992172241,
                    0.26468199491500854,
                    1.066967248916626
                ],
                [
                    0.0,
                    0.0,
                    0.0,
                    1.0
                ]
            ]
        },
        {
            "file_path": "./train/r_20",
            "rotation": 0.012566370614359171,
            "transform_matrix": [
                [
                    0.8422731161117554,
                    -0.25616011023521423,
                    0.47429734468460083,
                    1.9119539260864258
                ],
                [
                    0.5390509963035583,
                    0.40025293827056885,
                    -0.7410947680473328,
                    -2.9874486923217773
                ],
                [
                    1.4901161193847656e-08,
                    0.8798747658729553,
                    0.475205659866333,
                    1.915615439414978
                ],
                [
                    0.0,
                    0.0,
                    0.0,
                    1.0
                ]
            ]
        },
        {
            "file_path": "./train/r_23",
            "rotation": 0.012566370614359171,
            "transform_matrix": [
                [
                    -0.4675160050392151,
                    0.5285975337028503,
                    -0.7085289359092712,
                    -2.8561718463897705
                ],
                [
                    -0.8839846849441528,
                    -0.27956119179725647,
                    0.37472212314605713,
                    1.5105533599853516
                ],
                [
                    0.0,
                    0.8015173077583313,
                    0.5979713797569275,
                    2.4105000495910645
                ],
                [
                    0.0,
                    0.0,
                    0.0,
                    1.0
                ]
            ]
        },
        {
            "file_path": "./train/r_26",
            "rotation": 0.012566370614359171,
            "transform_matrix": [
                [
                    -0.9752575159072876,
                    -0.03920060396194458,
                    0.21756872534751892,
                    0.8770476579666138
                ],
                [
                    0.22107206284999847,
                    -0.17293314635753632,
                    0.9598026275634766,
                    3.8690884113311768
                ],
                [
                    3.725290742551124e-09,
                    0.9841530919075012,
                    0.1773204803466797,
                    0.7148017883300781
                ],
                [
                    0.0,
                    0.0,
                    0.0,
                    1.0
                ]
            ]
        },
        {
            "file_path": "./train/r_29",
            "rotation": 0.012566370614359171,
            "transform_matrix": [
                [
                    0.8931812047958374,
                    0.20586314797401428,
                    -0.3998093008995056,
                    -1.6116830110549927
                ],
                [
                    -0.44969668984413147,
                    0.4088824987411499,
                    -0.7940956354141235,
                    -3.2011020183563232
                ],
                [
                    0.0,
                    0.889064371585846,
                    0.45778220891952515,
                    1.8453792333602905
                ],
                [
                    0.0,
                    0.0,
                    0.0,
                    1.0
                ]
            ]
        },
        {
            "file_path": "./train/r_32",
            "rotation": 0.012566370614359171,
            "transform_matrix": [
                [
                    6.262858369154856e-05,
                    0.21157889068126678,
                    -0.9773608446121216,
                    -3.9398677349090576
                ],
                [
                    -1.0,
                    1.3250886695459485e-05,
                    -6.121072510723025e-05,
                    -0.0002467483573127538
                ],
                [
                    0.0,
                    0.9773607850074768,
                    0.21157889068126678,
                    0.8529018759727478
                ],
                [
                    0.0,
                    0.0,
                    0.0,
                    1.0
                ]
            ]
        },
        {
            "file_path": "./train/r_35",
            "rotation": 0.012566370614359171,
            "transform_matrix": [
                [
                    -0.3977896273136139,
                    0.3703862130641937,
                    -0.8393910527229309,
                    -3.3836936950683594
                ],
                [
                    -0.9174765944480896,
                    -0.1605880707502365,
                    0.36393412947654724,
                    1.4670655727386475
                ],
                [
                    0.0,
                    0.9148910045623779,
                    0.40370094776153564,
                    1.6273707151412964
                ],
                [
                    0.0,
                    0.0,
                    0.0,
                    1.0
                ]
            ]
        },
        {
            "file_path": "./train/r_38",
            "rotation": 0.012566370614359171,
            "transform_matrix": [
                [
                    -0.8262399435043335,
                    0.21388964354991913,
                    -0.5211319923400879,
                    -2.10075044631958
                ],
                [
                    -0.5633181929588318,
                    -0.3137199878692627,
                    0.7643639445304871,
                    3.081249952316284
                ],
                [
                    1.4901159417490817e-08,
                    0.9251114130020142,
                    0.3796958923339844,
                    1.5306031703948975
                ],
                [
                    0.0,
                    0.0,
                    0.0,
                    1.0
                ]
            ]
        },
        {
            "file_path": "./train/r_41",
            "rotation": 0.012566370614359171,
            "transform_matrix": [
                [
                    -0.994414210319519,
                    0.02083449251949787,
                    -0.10347140580415726,
                    -0.41710659861564636
                ],
                [
                    -0.10554812848567963,
                    -0.19629065692424774,
                    0.9748484492301941,
                    3.9297399520874023
                ],
                [
                    3.7252898543727042e-09,
                    0.9803244471549988,
                    0.1973932385444641,
                    0.7957176566123962
                ],
                [
                    0.0,
                    0.0,
                    0.0,
                    1.0
                ]
            ]
        },
        {
            "file_path": "./train/r_44",
            "rotation": 0.012566370614359171,
            "transform_matrix": [
                [
                    0.49585968255996704,
                    0.7388697266578674,
                    -0.45628345012664795,
                    -1.8393374681472778
                ],
                [
                    -0.8684027194976807,
                    0.4218961298465729,
                    -0.260538786649704,
                    -1.0502654314041138
                ],
                [
                    0.0,
                    0.5254284143447876,
                    0.850837767124176,
                    3.4298367500305176
                ],
                [
                    0.0,
                    0.0,
                    0.0,
                    1.0
                ]
            ]
        },
        {
            "file_path": "./train/r_47",
            "rotation": 0.012566370614359171,
            "transform_matrix": [
                [
                    -0.9168165326118469,
                    -0.3853738605976105,
                    0.1045677587389946,
                    0.42152610421180725
                ],
                [
                    0.3993086814880371,
                    -0.8848220705986023,
                    0.2400885820388794,
                    0.9678280353546143
                ],
                [
                    -7.450580596923828e-09,
                    0.26187196373939514,
                    0.9651026129722595,
                    3.8904531002044678
                ],
                [
                    0.0,
                    0.0,
                    0.0,
                    1.0
                ]
            ]
        },
        {
            "file_path": "./train/r_50",
            "rotation": 0.012566370614359171,
            "transform_matrix": [
                [
                    -0.9326563477516174,
                    -0.22499778866767883,
                    0.282007098197937,
                    1.1368069648742676
                ],
                [
                    0.36076587438583374,
                    -0.5816670060157776,
                    0.7290481925010681,
                    2.938887357711792
                ],
                [
                    0.0,
                    0.7816900014877319,
                    0.6236670613288879,
                    2.514082431793213
                ],
                [
                    0.0,
                    0.0,
                    0.0,
                    1.0
                ]
            ]
        },
        {
            "file_path": "./train/r_53",
            "rotation": 0.012566370614359171,
            "transform_matrix": [
                [
                    0.2079109102487564,
                    0.16523794829845428,
                    -0.9640898704528809,
                    -3.886370897293091
                ],
                [
                    -0.9781477451324463,
                    0.03512227535247803,
                    -0.2049228399991989,
                    -0.8260704278945923
                ],
                [
                    0.0,
                    0.9856281876564026,
                    0.16892939805984497,
                    0.6809762716293335
                ],
                [
                    0.0,
                    0.0,
                    0.0,
                    1.0
                ]
            ]
        },
        {
            "file_path": "./train/r_56",
            "rotation": 0.012566370614359171,
            "transform_matrix": [
                [
                    -0.5703680515289307,
                    0.8067229390144348,
                    -0.15452639758586884,
                    -0.6229158639907837
                ],
                [
                    -0.8213893175125122,
                    -0.5601838231086731,
                    0.10730224847793579,
                    0.43254923820495605
                ],
                [
                    -7.450581485102248e-09,
                    0.18812799453735352,
                    0.9821444153785706,
                    3.959151029586792
                ],
                [
                    0.0,
                    0.0,
                    0.0,
                    1.0
                ]
            ]
        },
        {
            "file_path": "./train/r_59",
            "rotation": 0.012566370614359171,
            "transform_matrix": [
                [
                    -0.28166845440864563,
                    -0.5504832863807678,
                    0.7858948707580566,
                    3.168043851852417
                ],
                [
                    0.9595118761062622,
                    -0.16159653663635254,
                    0.2307025045156479,
                    0.929991602897644
                ],
                [
                    2.980232594040899e-08,
                    0.819057047367096,
                    0.5737119317054749,
                    2.31270694732666
                ],
                [
                    0.0,
                    0.0,
                    0.0,
                    1.0
                ]
            ]
        },
        {
            "file_path": "./train/r_62",
            "rotation": 0.012566370614359171,
            "transform_matrix": [
                [
                    -0.26151391863822937,
                    0.9203336238861084,
                    -0.2908549904823303,
                    -1.1724741458892822
                ],
                [
                    -0.9651997685432434,
                    -0.24935775995254517,
                    0.07880505919456482,
                    0.31767338514328003
                ],
                [
                    0.0,
                    0.3013418912887573,
                    0.9535161256790161,
                    3.8437466621398926
                ],
                [
                    0.0,
                    0.0,
                    0.0,
                    1.0
                ]
            ]
        },
        {
            "file_path": "./train/r_65",
            "rotation": 0.012566370614359171,
            "transform_matrix": [
                [
                    0.9800372123718262,
                    -0.039007220417261124,
                    0.1949501782655716,
                    0.7858693599700928
                ],
                [
                    0.19881436228752136,
                    0.1922825276851654,
                    -0.9609891176223755,
                    -3.873871326446533
                ],
                [
                    0.0,
                    0.9805640578269958,
                    0.1961991935968399,
                    0.7909042835235596
                ],
                [
                    0.0,
                    0.0,
                    0.0,
                    1.0
                ]
            ]
        },
        {
            "file_path": "./train/r_68",
            "rotation": 0.012566370614359171,
            "transform_matrix": [
                [
                    0.5215556025505066,
                    -0.4440380930900574,
                    0.7285671234130859,
                    2.9369475841522217
                ],
                [
                    0.8532173037528992,
                    0.2714320719242096,
                    -0.4453592896461487,
                    -1.7953004837036133
                ],
                [
                    0.0,
                    0.8539056777954102,
                    0.520427942276001,
                    2.097911834716797
                ],
                [
                    0.0,
                    0.0,
                    0.0,
                    1.0
                ]
            ]
        },
        {
            "file_path": "./train/r_71",
            "rotation": 0.012566370614359171,
            "transform_matrix": [
                [
                    0.9513999223709106,
                    0.208729088306427,
                    -0.22642995417118073,
                    -0.9127683639526367
                ],
                [
                    -0.30795836448669434,
                    0.6448431015014648,
                    -0.6995278000831604,
                    -2.8198866844177246
                ],
                [
                    0.0,
                    0.7352616190910339,
                    0.6777834296226501,
                    2.7322323322296143
                ],
                [
                    0.0,
                    0.0,
                    0.0,
                    1.0
                ]
            ]
        },
        {
            "file_path": "./train/r_74",
            "rotation": 0.012566370614359171,
            "transform_matrix": [
                [
                    -0.7232142090797424,
                    -0.2793499827384949,
                    0.6316049695014954,
                    2.546081066131592
                ],
                [
                    0.6906238794326782,
                    -0.29253241419792175,
                    0.6614102125167847,
                    2.666229724884033
                ],
                [
                    -1.4901161193847656e-08,
                    0.9145427346229553,
                    0.4044893682003021,
                    1.6305487155914307
                ],
                [
                    0.0,
                    0.0,
                    0.0,
                    1.0
                ]
            ]
        },
        {
            "file_path": "./train/r_77",
            "rotation": 0.012566370614359171,
            "transform_matrix": [
                [
                    -0.30372685194015503,
                    -0.8604696989059448,
                    0.40907466411590576,
                    1.649032473564148
                ],
                [
                    0.9527590870857239,
                    -0.27430620789527893,
                    0.13040752708911896,
                    0.5256894826889038
                ],
                [
                    -7.4505792646561986e-09,
                    0.4293578565120697,
                    0.9031345248222351,
                    3.640651226043701
                ],
                [
                    0.0,
                    0.0,
                    0.0,
                    1.0
                ]
            ]
        },
        {
            "file_path": "./train/r_80",
            "rotation": 0.012566370614359171,
            "transform_matrix": [
                [
                    0.3921033442020416,
                    -0.6728718876838684,
                    0.6272944808006287,
                    2.52870512008667
                ],
                [
                    0.9199212193489075,
                    0.2868020832538605,
                    -0.2673753499984741,
                    -1.077824592590332
                ],
                [
                    0.0,
                    0.6819003224372864,
                    0.7314450144767761,
                    2.948549509048462
                ],
                [
                    0.0,
                    0.0,
                    0.0,
                    1.0
                ]
            ]
        },
        {
            "file_path": "./train/r_83",
            "rotation": 0.012566370614359171,
            "transform_matrix": [
                [
                    -0.048472680151462555,
                    0.48035264015197754,
                    -0.8757349252700806,
                    -3.530200481414795
                ],
                [
                    -0.9988245964050293,
                    -0.023311378434300423,
                    0.04249916970729828,
                    0.1713196337223053
                ],
                [
                    0.0,
                    0.8767656087875366,
                    0.48091796040534973,
                    1.9386422634124756
                ],
                [
                    0.0,
                    0.0,
                    0.0,
                    1.0
                ]
            ]
        },
        {
            "file_path": "./train/r_86",
            "rotation": 0.012566370614359171,
            "transform_matrix": [
                [
                    0.7959837317466736,
                    -0.5319463610649109,
                    0.28886470198631287,
                    1.1644508838653564
                ],
                [
                    0.6053178310394287,
                    0.6995013952255249,
                    -0.3798527419567108,
                    -1.5312353372573853
                ],
                [
                    1.4901159417490817e-08,
                    0.4772116243839264,
                    0.878788411617279,
                    3.5425093173980713
                ],
                [
                    0.0,
                    0.0,
                    0.0,
                    1.0
                ]
            ]
        },
        {
            "file_path": "./train/r_89",
            "rotation": 0.012566370614359171,
            "transform_matrix": [
                [
                    0.9958323836326599,
                    0.01890719123184681,
                    -0.08922122418880463,
                    -0.359662264585495
                ],
                [
                    -0.09120257198810577,
                    0.2064458727836609,
                    -0.9741982221603394,
                    -3.9271185398101807
                ],
                [
                    1.862645149230957e-09,
                    0.9782753586769104,
                    0.20730985701084137,
                    0.8356927633285522
                ],
                [
                    0.0,
                    0.0,
                    0.0,
                    1.0
                ]
            ]
        },
        {
            "file_path": "./train/r_92",
            "rotation": 0.012566370614359171,
            "transform_matrix": [
                [
                    0.8475823402404785,
                    0.40216803550720215,
                    -0.3462150990962982,
                    -1.3956377506256104
                ],
                [
                    -0.5306636691093445,
                    0.6423475742340088,
                    -0.5529788732528687,
                    -2.2291290760040283
                ],
                [
                    0.0,
                    0.6524189114570618,
                    0.7578585147857666,
                    3.055025339126587
                ],
                [
                    0.0,
                    0.0,
                    0.0,
                    1.0
                ]
            ]
        },
        {
            "file_path": "./train/r_95",
            "rotation": 0.012566370614359171,
            "transform_matrix": [
                [
                    0.4534713923931122,
                    -0.11268524080514908,
                    0.8841186165809631,
                    3.5639960765838623
                ],
                [
                    0.8912708163261414,
                    0.057333339005708694,
                    -0.44983240962028503,
                    -1.813332438468933
                ],
                [
                    0.0,
                    0.9919751882553101,
                    0.12643210589885712,
                    0.5096641182899475
                ],
                [
                    0.0,
                    0.0,
                    0.0,
                    1.0
                ]
            ]
        },
        {
            "file_path": "./train/r_98",
            "rotation": 0.012566370614359171,
            "transform_matrix": [
                [
                    0.9965562224388123,
                    0.03072895109653473,
                    -0.07701651006937027,
                    -0.31046348810195923
                ],
                [
                    -0.08292051404714584,
                    0.3693070113658905,
                    -0.9256006479263306,
                    -3.731215476989746
                ],
                [
                    0.0,
                    0.9287990927696228,
                    0.37058329582214355,
                    1.4938690662384033
                ],
                [
                    0.0,
                    0.0,
                    0.0,
                    1.0
                ]
            ]
        }
    ]
}