{
    "fl_x": 1074.452670937213,
    "fl_y": 1072.2149734095053,
    "cx": 1487.9938481094716,
    "cy": 998.8971959995184,
    "w": 3008,
    "h": 2000,
    "camera_model": "OPENCV_FISHEYE",
    "k1": 0.03060524881256097,
    "k2": 0.006503338324805288,
    "k3": 0.0001980286672716662,
    "k4": 0.0001619462046311063,
    "frames": [
        {
            "file_path": "images\\eval_frame_00168.jpg",
            "transform_matrix": [
                [
                    0.28049074100259197,
                    -0.4787078733098414,
                    -0.8319637709918537,
                    -0.8752680149991012
                ],
                [
                    -0.6986386390486498,
                    0.49254204260263384,
                    -0.5189473849024343,
                    -2.108662861250041
                ],
                [
                    0.6582013341220656,
                    0.7268019732361726,
                    -0.19629033460651804,
                    -4.434933014911396
                ],
                [
                    0.0,
                    0.0,
                    0.0,
                    1.0
                ]
            ]
        },
        {
            "file_path": "images\\train_frame_00161.jpg",
            "transform_matrix": [
                [
                    0.12294081802668569,
                    -0.6420026842024527,
                    -0.7567814141083111,
                    -1.0275151940815594
                ],
                [
                    -0.7578137567625115,
                    0.4316443490836082,
                    -0.4892866909754217,
                    -1.3669750272435046
                ],
                [
                    0.6407837898421113,
                    0.6336526725115534,
                    -0.43345175659414187,
                    -3.351641852826432
                ],
                [
                    0.0,
                    0.0,
                    0.0,
                    1.0
                ]
            ]
        },
        {
            "file_path": "images\\eval_frame_00158.jpg",
            "transform_matrix": [
                [
                    -0.5211515482158536,
                    -0.8459154155324237,
                    -0.11326152725804857,
                    0.9959581010557701
                ],
                [
                    0.37827789503729087,
                    -0.34790584751790227,
                    0.8578271127616603,
                    3.7899660485186755
                ],
                [
                    -0.7650535261786428,
                    0.4042135957973916,
                    0.5013027738345041,
                    -0.13253627359338313
                ],
                [
                    0.0,
                    0.0,
                    0.0,
                    1.0
                ]
            ]
        },
        {
            "file_path": "images\\train_frame_00153.jpg",
            "transform_matrix": [
                [
                    -0.36786679728135224,
                    -0.7064168280938327,
                    0.604689411552583,
                    1.0600601667842364
                ],
                [
                    0.49770494329183246,
                    0.39972106396888313,
                    0.7697485696267696,
                    3.4164871922265525
                ],
                [
                    -0.7854704379420235,
                    0.5841218503064515,
                    0.2045430397587096,
                    0.27775529479622424
                ],
                [
                    0.0,
                    0.0,
                    0.0,
                    1.0
                ]
            ]
        },
        {
            "file_path": "images\\eval_frame_00148.jpg",
            "transform_matrix": [
                [
                    -0.011752882349240651,
                    -0.992610497768983,
                    0.12077362905575363,
                    1.1296050642467774
                ],
                [
                    0.9664269809959773,
                    0.019727621034605083,
                    0.2561829646391733,
                    0.4580266594045301
                ],
                [
                    -0.2566724764354094,
                    0.11972978195556391,
                    0.9590537102547422,
                    2.2946000589417452
                ],
                [
                    0.0,
                    0.0,
                    0.0,
                    1.0
                ]
            ]
        },
        {
            "file_path": "images\\train_frame_00145.jpg",
            "transform_matrix": [
                [
                    0.19203513604749545,
                    -0.327851428950033,
                    0.9250059173100684,
                    1.9402822793901378
                ],
                [
                    0.967234935949856,
                    0.22272496465800792,
                    -0.12186126864663317,
                    -1.0978892636451787
                ],
                [
                    -0.16606951918187068,
                    0.9180996844861187,
                    0.3598803747708282,
                    2.6757867880653414
                ],
                [
                    0.0,
                    0.0,
                    0.0,
                    1.0
                ]
            ]
        },
        {
            "file_path": "images\\eval_frame_00138.jpg",
            "transform_matrix": [
                [
                    0.050155717064777096,
                    -0.7655390963661837,
                    0.6414314429310155,
                    0.3741919845957994
                ],
                [
                    0.9986809360170855,
                    0.04550968049950269,
                    -0.023775134423830828,
                    1.0123896597928592
                ],
                [
                    -0.010990545107321519,
                    0.6417778127324751,
                    0.7668118719754955,
                    3.7057405042454956
                ],
                [
                    0.0,
                    0.0,
                    0.0,
                    1.0
                ]
            ]
        },
        {
            "file_path": "images\\train_frame_00137.jpg",
            "transform_matrix": [
                [
                    -0.02384388623754701,
                    -0.8038862050460709,
                    0.5943050045437253,
                    0.3346947436125452
                ],
                [
                    0.9832517988267288,
                    0.08858611147902883,
                    0.15927460863875045,
                    1.928629902118275
                ],
                [
                    -0.1806858300838584,
                    0.5881491904182573,
                    0.7883103199992092,
                    3.9403223381962005
                ],
                [
                    0.0,
                    0.0,
                    0.0,
                    1.0
                ]
            ]
        },
        {
            "file_path": "images\\train_frame_00130.jpg",
            "transform_matrix": [
                [
                    0.25145418556576843,
                    -0.9662698790008708,
                    0.05561756464551826,
                    1.2374084367934401
                ],
                [
                    0.9172273535961012,
                    0.21955931415154858,
                    -0.3323968853409947,
                    -1.2491017604406278
                ],
                [
                    0.3089737438303599,
                    0.13459653972128677,
                    0.94149827249895,
                    2.9879639912525233
                ],
                [
                    0.0,
                    0.0,
                    0.0,
                    1.0
                ]
            ]
        },
        {
            "file_path": "images\\eval_frame_00128.jpg",
            "transform_matrix": [
                [
                    0.3230041887297074,
                    -0.9452915176669495,
                    -0.0457410175879261,
                    1.1962161293449318
                ],
                [
                    0.8492064718544959,
                    0.31082852983478376,
                    -0.4268887363250362,
                    -2.7577973838929153
                ],
                [
                    0.4177519146856217,
                    0.09904328178964111,
                    0.903146591705264,
                    3.578781282078476
                ],
                [
                    0.0,
                    0.0,
                    0.0,
                    1.0
                ]
            ]
        },
        {
            "file_path": "images\\train_frame_00054.jpg",
            "transform_matrix": [
                [
                    -0.18405402836279153,
                    -0.3776487553257112,
                    -0.9074720559027529,
                    -2.399090971610111
                ],
                [
                    -0.9744708689495016,
                    0.1908744188797774,
                    0.11820948264039428,
                    1.2865219917089525
                ],
                [
                    0.1285715373332338,
                    0.906062014333593,
                    -0.403138916466173,
                    -3.0821462475885846
                ],
                [
                    0.0,
                    0.0,
                    0.0,
                    1.0
                ]
            ]
        },
        {
            "file_path": "images\\eval_frame_00050.jpg",
            "transform_matrix": [
                [
                    -0.19881306231890167,
                    -0.7110372207438997,
                    -0.6744623317637325,
                    -0.35549466433823307
                ],
                [
                    -0.976236118717673,
                    0.20423901431430935,
                    0.07245319553320537,
                    0.8498590141302353
                ],
                [
                    0.08623460304561074,
                    0.6728391306610444,
                    -0.7347456005236479,
                    -3.9010215206703323
                ],
                [
                    0.0,
                    0.0,
                    0.0,
                    1.0
                ]
            ]
        },
        {
            "file_path": "images\\train_frame_00046.jpg",
            "transform_matrix": [
                [
                    -0.3804698792795795,
                    -0.3664457307920803,
                    -0.849093750621944,
                    -3.1578281584529533
                ],
                [
                    -0.9142293492194126,
                    0.010657583565759311,
                    0.40505692555292455,
                    2.4885428731934307
                ],
                [
                    -0.1393820934942173,
                    0.9303783866238494,
                    -0.33907033151895183,
                    -1.5617246210934794
                ],
                [
                    0.0,
                    0.0,
                    0.0,
                    1.0
                ]
            ]
        },
        {
            "file_path": "images\\eval_frame_00040.jpg",
            "transform_matrix": [
                [
                    -0.5645714291564157,
                    -0.7694487653116248,
                    -0.2986765791633122,
                    0.946836799766623
                ],
                [
                    -0.30074311160995526,
                    -0.14521689515608713,
                    0.9425845501494218,
                    3.5029576239433906
                ],
                [
                    -0.7686434037962234,
                    0.621981230361208,
                    -0.14942110586832677,
                    -2.604045203993824
                ],
                [
                    0.0,
                    0.0,
                    0.0,
                    1.0
                ]
            ]
        },
        {
            "file_path": "images\\train_frame_00038.jpg",
            "transform_matrix": [
                [
                    -0.5405933808494445,
                    -0.8094204412702242,
                    -0.22934111239741256,
                    1.5743340671785344
                ],
                [
                    -0.2591291311763122,
                    -0.09914958377987736,
                    0.9607400550680116,
                    3.3747102772794038
                ],
                [
                    -0.8003817151569472,
                    0.5787986776852487,
                    -0.1561448069973212,
                    -2.794786222240357
                ],
                [
                    0.0,
                    0.0,
                    0.0,
                    1.0
                ]
            ]
        },
        {
            "file_path": "images\\train_frame_00031.jpg",
            "transform_matrix": [
                [
                    -0.4901283329409009,
                    -0.788797535806762,
                    -0.37090789254713014,
                    -1.4381452785212345
                ],
                [
                    0.3560303743014303,
                    -0.5695752899309884,
                    0.7408281593425117,
                    3.8425237027611785
                ],
                [
                    -0.7956233969808558,
                    0.231046394919312,
                    0.5600008692595331,
                    0.9266309692396067
                ],
                [
                    0.0,
                    0.0,
                    0.0,
                    1.0
                ]
            ]
        },
        {
            "file_path": "images\\eval_frame_00030.jpg",
            "transform_matrix": [
                [
                    -0.4151260996535848,
                    -0.8399786620915933,
                    -0.34943693081473054,
                    -0.9340689524105696
                ],
                [
                    0.5274231255671059,
                    -0.5351663431574767,
                    0.6598650102623099,
                    3.7722133760357255
                ],
                [
                    -0.7412794129094821,
                    0.08962606976918386,
                    0.6651856880708594,
                    1.1576917734431664
                ],
                [
                    0.0,
                    0.0,
                    0.0,
                    1.0
                ]
            ]
        },
        {
            "file_path": "images\\train_frame_00007.jpg",
            "transform_matrix": [
                [
                    0.26702445245053447,
                    -0.9628073264110241,
                    -0.04123098352874491,
                    -0.9200340530314313
                ],
                [
                    0.9293842896536265,
                    0.2685970626590342,
                    -0.2531806866172125,
                    -1.3308862767156902
                ],
                [
                    0.2548387410471897,
                    0.029286005876428583,
                    0.9665399867161675,
                    4.918841795648481
                ],
                [
                    0.0,
                    0.0,
                    0.0,
                    1.0
                ]
            ]
        },
        {
            "file_path": "images\\eval_frame_00004.jpg",
            "transform_matrix": [
                [
                    0.4141326787281254,
                    -0.8998356305998058,
                    -0.13707648344087672,
                    1.039748417703085
                ],
                [
                    0.7057027883036064,
                    0.41253461902408006,
                    -0.5760197589381568,
                    -2.948390826160483
                ],
                [
                    0.5748718978955072,
                    0.14181334919430807,
                    0.8058605803737461,
                    2.9475688362364028
                ],
                [
                    0.0,
                    0.0,
                    0.0,
                    1.0
                ]
            ]
        },
        {
            "file_path": "images\\train_frame_00015.jpg",
            "transform_matrix": [
                [
                    0.021813335509569935,
                    -0.9747759877121224,
                    0.222116978580664,
                    3.408688419148126
                ],
                [
                    0.9950928732478724,
                    0.04261575978334152,
                    0.08929765186936565,
                    0.811421317130558
                ],
                [
                    -0.09651089060432937,
                    0.21907914277252585,
                    0.9709222302516378,
                    2.6441729084172287
                ],
                [
                    0.0,
                    0.0,
                    0.0,
                    1.0
                ]
            ]
        },
        {
            "file_path": "images\\eval_frame_00020.jpg",
            "transform_matrix": [
                [
                    -0.18394662623769106,
                    -0.9730791535716155,
                    -0.13885459869993408,
                    0.35459773715178816
                ],
                [
                    0.8622978829509959,
                    -0.22755966217038182,
                    0.4523924858031268,
                    2.812574375396124
                ],
                [
                    -0.4718114027384265,
                    -0.03651795499819556,
                    0.8809429261925815,
                    2.3877311445260365
                ],
                [
                    0.0,
                    0.0,
                    0.0,
                    1.0
                ]
            ]
        },
        {
            "file_path": "images\\train_frame_00023.jpg",
            "transform_matrix": [
                [
                    -0.22883648537494164,
                    -0.9669051778084004,
                    0.11281950225271195,
                    2.6458975964108196
                ],
                [
                    0.7496627334326716,
                    -0.10110653262015176,
                    0.6540514162998081,
                    2.437106581432943
                ],
                [
                    -0.620998912288499,
                    0.23424740380383252,
                    0.7479896421392913,
                    0.17568978562289592
                ],
                [
                    0.0,
                    0.0,
                    0.0,
                    1.0
                ]
            ]
        },
        {
            "file_path": "images\\eval_frame_00060.jpg",
            "transform_matrix": [
                [
                    0.192409568212097,
                    -0.49784696847277354,
                    -0.8456517924316743,
                    -3.307103752812629
                ],
                [
                    -0.6536530715264418,
                    0.5777294618952475,
                    -0.4888418260974358,
                    -0.7694938147690679
                ],
                [
                    0.731926376177606,
                    0.6468207362482254,
                    -0.21425852378568408,
                    -2.259375653278128
                ],
                [
                    0.0,
                    0.0,
                    0.0,
                    1.0
                ]
            ]
        },
        {
            "file_path": "images\\train_frame_00061.jpg",
            "transform_matrix": [
                [
                    0.22139112227189336,
                    -0.6491485070088446,
                    -0.7277308477915302,
                    -1.8985114203040483
                ],
                [
                    -0.6019422638612301,
                    0.4961513063009387,
                    -0.6256991227686743,
                    -1.204109692143621
                ],
                [
                    0.7672362621492861,
                    0.5765761849955823,
                    -0.2809064273724106,
                    -2.747847192643053
                ],
                [
                    0.0,
                    0.0,
                    0.0,
                    1.0
                ]
            ]
        },
        {
            "file_path": "images\\train_frame_00068.jpg",
            "transform_matrix": [
                [
                    0.39506158285562976,
                    -0.3863233269670419,
                    -0.8334750342948012,
                    -4.193116224176387
                ],
                [
                    -0.22052735352362557,
                    0.8408668013383039,
                    -0.49427796709438204,
                    -1.766581360656607
                ],
                [
                    0.8917925947772106,
                    0.3790742795920152,
                    0.24699930860697675,
                    -0.21457999364211675
                ],
                [
                    0.0,
                    0.0,
                    0.0,
                    1.0
                ]
            ]
        },
        {
            "file_path": "images\\eval_frame_00070.jpg",
            "transform_matrix": [
                [
                    0.47799115449732577,
                    -0.6248877516710547,
                    -0.6172841760759851,
                    -3.5869281378504128
                ],
                [
                    0.11778042013794315,
                    0.7420166059449862,
                    -0.6599538840964669,
                    -1.577320061444207
                ],
                [
                    0.8704322080750707,
                    0.24274812937153084,
                    0.4282769160627027,
                    0.694954901167596
                ],
                [
                    0.0,
                    0.0,
                    0.0,
                    1.0
                ]
            ]
        },
        {
            "file_path": "images\\train_frame_00076.jpg",
            "transform_matrix": [
                [
                    0.4984514099032439,
                    -0.843525474802381,
                    -0.20002741143374847,
                    1.1677913078394722
                ],
                [
                    0.24074716453101008,
                    0.35634572248891305,
                    -0.9028059198045464,
                    -2.8576341679393136
                ],
                [
                    0.8328187046024765,
                    0.4018488514644184,
                    0.380697394055936,
                    -1.304681525119838
                ],
                [
                    0.0,
                    0.0,
                    0.0,
                    1.0
                ]
            ]
        },
        {
            "file_path": "images\\eval_frame_00080.jpg",
            "transform_matrix": [
                [
                    0.50008041581722,
                    -0.6207501227151422,
                    -0.603811943294609,
                    -2.520950273643985
                ],
                [
                    0.3864556498208411,
                    0.783949320993894,
                    -0.4858760056174451,
                    -1.8650591358681456
                ],
                [
                    0.7749655530651848,
                    0.009630538009278993,
                    0.631930094472501,
                    1.7102062208858144
                ],
                [
                    0.0,
                    0.0,
                    0.0,
                    1.0
                ]
            ]
        },
        {
            "file_path": "images\\train_frame_00084.jpg",
            "transform_matrix": [
                [
                    0.37075794367875947,
                    -0.9244105757940206,
                    -0.08946303459678379,
                    0.8144982247759575
                ],
                [
                    0.8541508601160208,
                    0.37722073561993114,
                    -0.35795366289705705,
                    -1.2044021750256129
                ],
                [
                    0.3646434633476373,
                    0.05629923603856059,
                    0.9294436726662431,
                    1.929496819595461
                ],
                [
                    0.0,
                    0.0,
                    0.0,
                    1.0
                ]
            ]
        },
        {
            "file_path": "images\\eval_frame_00090.jpg",
            "transform_matrix": [
                [
                    -0.10429126614755235,
                    -0.9915726725994818,
                    0.0768567938393314,
                    1.3820780549254716
                ],
                [
                    0.9379977911597751,
                    -0.07238047423817151,
                    0.3390003108087665,
                    1.602700944233414
                ],
                [
                    -0.33058051301418745,
                    0.10744627449557512,
                    0.937641627975368,
                    2.2587049190427364
                ],
                [
                    0.0,
                    0.0,
                    0.0,
                    1.0
                ]
            ]
        },
        {
            "file_path": "images\\train_frame_00092.jpg",
            "transform_matrix": [
                [
                    -0.2928805293764796,
                    -0.950328929821281,
                    0.10533717604384253,
                    1.1654055723331118
                ],
                [
                    0.7418685537619395,
                    -0.15635917362082513,
                    0.6520604709409863,
                    2.251571005524445
                ],
                [
                    -0.6032014957303415,
                    0.269122154363685,
                    0.7508137063075816,
                    0.8033551042028261
                ],
                [
                    0.0,
                    0.0,
                    0.0,
                    1.0
                ]
            ]
        },
        {
            "file_path": "images\\train_frame_00099.jpg",
            "transform_matrix": [
                [
                    -0.5831655400981741,
                    -0.7360350836845836,
                    -0.3437590848653061,
                    -0.28886257116642794
                ],
                [
                    -0.1929805906875306,
                    -0.28553043832652675,
                    0.9387389735208362,
                    3.432616880211316
                ],
                [
                    -0.7890985011137054,
                    0.6137790517559959,
                    0.02447102706496045,
                    -1.7620775619145062
                ],
                [
                    0.0,
                    0.0,
                    0.0,
                    1.0
                ]
            ]
        },
        {
            "file_path": "images\\eval_frame_00100.jpg",
            "transform_matrix": [
                [
                    -0.5717935761296598,
                    -0.7107871558892273,
                    -0.4096751460849901,
                    -0.3392493129800827
                ],
                [
                    -0.36512605379833896,
                    -0.2266969255940612,
                    0.9029349194509271,
                    2.9224728596925895
                ],
                [
                    -0.7346666394593583,
                    0.6658754560344627,
                    -0.12990306353735057,
                    -1.9834261758722016
                ],
                [
                    0.0,
                    0.0,
                    0.0,
                    1.0
                ]
            ]
        },
        {
            "file_path": "images\\train_frame_00107.jpg",
            "transform_matrix": [
                [
                    -0.3122749423219304,
                    -0.4907017305797441,
                    -0.8134470923200101,
                    -2.1521413149326385
                ],
                [
                    -0.9497939813521672,
                    0.14379467151625305,
                    0.2778749456693255,
                    1.3203431669239027
                ],
                [
                    -0.019384359288683307,
                    0.8593805350655651,
                    -0.5109690230976721,
                    -3.4207991000159015
                ],
                [
                    0.0,
                    0.0,
                    0.0,
                    1.0
                ]
            ]
        },
        {
            "file_path": "images\\eval_frame_00110.jpg",
            "transform_matrix": [
                [
                    -0.00338807013840678,
                    -0.48801620992431216,
                    -0.8728279898306693,
                    -1.7668621626178724
                ],
                [
                    -0.9174415597852684,
                    0.3487809038216748,
                    -0.1914493810596132,
                    0.26509718819522526
                ],
                [
                    0.3978561365110643,
                    0.8001200284835052,
                    -0.44890804699854076,
                    -3.015058020132481
                ],
                [
                    0.0,
                    0.0,
                    0.0,
                    1.0
                ]
            ]
        },
        {
            "file_path": "images\\train_frame_00115.jpg",
            "transform_matrix": [
                [
                    0.29835976309398965,
                    -0.58456214141016,
                    -0.7544988764713081,
                    -3.3428510824873117
                ],
                [
                    -0.4800460026116297,
                    0.5913366559057115,
                    -0.6479790079615582,
                    -3.840601905793669
                ],
                [
                    0.8249468389799994,
                    0.5555250329303064,
                    -0.10418565469722127,
                    -3.528748522910776
                ],
                [
                    0.0,
                    0.0,
                    0.0,
                    1.0
                ]
            ]
        },
        {
            "file_path": "images\\eval_frame_00120.jpg",
            "transform_matrix": [
                [
                    0.40699201753435377,
                    -0.7479582037033637,
                    -0.5243243492115864,
                    -0.9357192302949299
                ],
                [
                    0.06598661920104365,
                    0.5965912000972181,
                    -0.7998279227765039,
                    -1.6462437465256774
                ],
                [
                    0.9110451491280399,
                    0.2909251888018608,
                    0.2921630893368786,
                    -0.9407514641007448
                ],
                [
                    0.0,
                    0.0,
                    0.0,
                    1.0
                ]
            ]
        },
        {
            "file_path": "images\\train_frame_00123.jpg",
            "transform_matrix": [
                [
                    0.4717013669928715,
                    -0.8312642721156335,
                    -0.2941046247190318,
                    -0.8287631879262847
                ],
                [
                    0.4592163308195593,
                    0.5163320848994741,
                    -0.7228565138476539,
                    -2.8343298341291883
                ],
                [
                    0.7527404478873693,
                    0.2059147590811025,
                    0.6252846792516943,
                    0.3606533226800917
                ],
                [
                    0.0,
                    0.0,
                    0.0,
                    1.0
                ]
            ]
        }
    ]
}