{
    "camera_angle_x": 0.6911112070083618,
    "frames": [
        {
            "file_path": "./train/r_3",
            "rotation": 0.012566370614359171,
            "transform_matrix": [
                [
                    0.7956318259239197,
                    0.5209260582923889,
                    -0.3092023432254791,
                    -1.2464345693588257
                ],
                [
                    -0.6057805418968201,
                    0.6841840147972107,
                    -0.40610620379447937,
                    -1.6370664834976196
                ],
                [
                    -1.4901161193847656e-08,
                    0.5104197859764099,
                    0.859925389289856,
                    3.4664700031280518
                ],
                [
                    0.0,
                    0.0,
                    0.0,
                    1.0
                ]
            ]
        },
        {
            "file_path": "./train/r_11",
            "rotation": 0.012566370614359171,
            "transform_matrix": [
                [
                    -0.9757387638092041,
                    -0.17523755133152008,
                    0.13124708831310272,
                    0.52907395362854
                ],
                [
                    0.21893838047981262,
                    -0.7809780836105347,
                    0.5849266052246094,
                    2.357914447784424
                ],
                [
                    -7.450581485102248e-09,
                    0.5994703769683838,
                    0.8003968596458435,
                    3.2265028953552246
                ],
                [
                    0.0,
                    0.0,
                    0.0,
                    1.0
                ]
            ]
        },
        {
            "file_path": "./train/r_12",
            "rotation": 0.012566370614359171,
            "transform_matrix": [
                [
                    -0.9713073372840881,
                    0.20477895438671112,
                    -0.12094451487064362,
                    -0.48754292726516724
                ],
                [
                    -0.23782765865325928,
                    -0.8363337516784668,
                    0.4939471483230591,
                    1.9911646842956543
                ],
                [
                    7.450580596923828e-09,
                    0.5085384249687195,
                    0.8610392212867737,
                    3.4709601402282715
                ],
                [
                    0.0,
                    0.0,
                    0.0,
                    1.0
                ]
            ]
        },
        {
            "file_path": "./train/r_43",
            "rotation": 0.012566370614359171,
            "transform_matrix": [
                [
                    0.6021551489830017,
                    -0.635220468044281,
                    0.48363634943962097,
                    1.9496005773544312
                ],
                [
                    0.7983791828155518,
                    0.47909730672836304,
                    -0.36476919054985046,
                    -1.4704318046569824
                ],
                [
                    -1.4901162970204496e-08,
                    0.6057727932929993,
                    0.7956376075744629,
                    3.207318067550659
                ],
                [
                    0.0,
                    0.0,
                    0.0,
                    1.0
                ]
            ]
        },
        {
            "file_path": "./train/r_44",
            "rotation": 0.012566370614359171,
            "transform_matrix": [
                [
                    0.49585968255996704,
                    0.7388697266578674,
                    -0.45628345012664795,
                    -1.8393374681472778
                ],
                [
                    -0.8684027194976807,
                    0.4218961298465729,
                    -0.260538786649704,
                    -1.0502654314041138
                ],
                [
                    0.0,
                    0.5254284143447876,
                    0.850837767124176,
                    3.4298367500305176
                ],
                [
                    0.0,
                    0.0,
                    0.0,
                    1.0
                ]
            ]
        },
        {
            "file_path": "./train/r_58",
            "rotation": 0.012566370614359171,
            "transform_matrix": [
                [
                    -0.33302783966064453,
                    0.7478148937225342,
                    -0.5743390917778015,
                    -2.315235137939453
                ],
                [
                    -0.942916989326477,
                    -0.2641199231147766,
                    0.20285022258758545,
                    0.8177154660224915
                ],
                [
                    1.4901161193847656e-08,
                    0.6091088652610779,
                    0.7930864691734314,
                    3.1970341205596924
                ],
                [
                    0.0,
                    0.0,
                    0.0,
                    1.0
                ]
            ]
        },
        {
            "file_path": "./train/r_66",
            "rotation": 0.012566370614359171,
            "transform_matrix": [
                [
                    -0.7107511758804321,
                    0.5660614967346191,
                    -0.41762080788612366,
                    -1.683483362197876
                ],
                [
                    -0.7034434676170349,
                    -0.5719420313835144,
                    0.42195925116539,
                    1.7009721994400024
                ],
                [
                    -1.4901160305669237e-08,
                    0.5936806797981262,
                    0.8047007322311401,
                    3.243852376937866
                ],
                [
                    0.0,
                    0.0,
                    0.0,
                    1.0
                ]
            ]
        },
        {
            "file_path": "./train/r_87",
            "rotation": 0.012566370614359171,
            "transform_matrix": [
                [
                    0.44463157653808594,
                    0.7389402389526367,
                    -0.5062312483787537,
                    -2.0406837463378906
                ],
                [
                    -0.8957135677337646,
                    0.3668093979358673,
                    -0.2512928247451782,
                    -1.0129939317703247
                ],
                [
                    0.0,
                    0.5651710033416748,
                    0.8249737024307251,
                    3.325575590133667
                ],
                [
                    0.0,
                    0.0,
                    0.0,
                    1.0
                ]
            ]
        },
        {
            "file_path": "./train/r_93",
            "rotation": 0.012566370614359171,
            "transform_matrix": [
                [
                    0.47693684697151184,
                    0.7483182549476624,
                    -0.4610324800014496,
                    -1.8584816455841064
                ],
                [
                    -0.8789376616477966,
                    0.40605902671813965,
                    -0.2501695156097412,
                    -1.0084656476974487
                ],
                [
                    -1.4901162970204496e-08,
                    0.5245338678359985,
                    0.8513894081115723,
                    3.432060956954956
                ],
                [
                    0.0,
                    0.0,
                    0.0,
                    1.0
                ]
            ]
        },
        {
            "file_path": "./train/r_99",
            "rotation": 0.012566370614359171,
            "transform_matrix": [
                [
                    0.4406329095363617,
                    -0.730517566204071,
                    0.5217151641845703,
                    2.1031012535095215
                ],
                [
                    0.8976874351501465,
                    0.35857704281806946,
                    -0.25608566403388977,
                    -1.032314419746399
                ],
                [
                    -1.4901161193847656e-08,
                    0.5811769366264343,
                    0.8137771487236023,
                    3.2804408073425293
                ],
                [
                    0.0,
                    0.0,
                    0.0,
                    1.0
                ]
            ]
        }
    ]
}