{
    "fl_x": 1074.452670937213,
    "fl_y": 1072.2149734095053,
    "cx": 1487.9938481094716,
    "cy": 998.8971959995184,
    "w": 3008,
    "h": 2000,
    "camera_model": "OPENCV_FISHEYE",
    "k1": 0.03060524881256097,
    "k2": 0.006503338324805288,
    "k3": 0.0001980286672716662,
    "k4": 0.0001619462046311063,
    "frames": [
        {
            "file_path": "images\\eval_frame_00168.jpg",
            "transform_matrix": [
                [
                    0.28049074100259197,
                    -0.4787078733098414,
                    -0.8319637709918537,
                    -0.8752680149991012
                ],
                [
                    -0.6986386390486498,
                    0.49254204260263384,
                    -0.5189473849024343,
                    -2.108662861250041
                ],
                [
                    0.6582013341220656,
                    0.7268019732361726,
                    -0.19629033460651804,
                    -4.434933014911396
                ],
                [
                    0.0,
                    0.0,
                    0.0,
                    1.0
                ]
            ]
        },
        {
            "file_path": "images\\eval_frame_00158.jpg",
            "transform_matrix": [
                [
                    -0.5211515482158536,
                    -0.8459154155324237,
                    -0.11326152725804857,
                    0.9959581010557701
                ],
                [
                    0.37827789503729087,
                    -0.34790584751790227,
                    0.8578271127616603,
                    3.7899660485186755
                ],
                [
                    -0.7650535261786428,
                    0.4042135957973916,
                    0.5013027738345041,
                    -0.13253627359338313
                ],
                [
                    0.0,
                    0.0,
                    0.0,
                    1.0
                ]
            ]
        },
        {
            "file_path": "images\\eval_frame_00148.jpg",
            "transform_matrix": [
                [
                    -0.011752882349240651,
                    -0.992610497768983,
                    0.12077362905575363,
                    1.1296050642467774
                ],
                [
                    0.9664269809959773,
                    0.019727621034605083,
                    0.2561829646391733,
                    0.4580266594045301
                ],
                [
                    -0.2566724764354094,
                    0.11972978195556391,
                    0.9590537102547422,
                    2.2946000589417452
                ],
                [
                    0.0,
                    0.0,
                    0.0,
                    1.0
                ]
            ]
        },
        {
            "file_path": "images\\eval_frame_00138.jpg",
            "transform_matrix": [
                [
                    0.050155717064777096,
                    -0.7655390963661837,
                    0.6414314429310155,
                    0.3741919845957994
                ],
                [
                    0.9986809360170855,
                    0.04550968049950269,
                    -0.023775134423830828,
                    1.0123896597928592
                ],
                [
                    -0.010990545107321519,
                    0.6417778127324751,
                    0.7668118719754955,
                    3.7057405042454956
                ],
                [
                    0.0,
                    0.0,
                    0.0,
                    1.0
                ]
            ]
        },
        {
            "file_path": "images\\eval_frame_00128.jpg",
            "transform_matrix": [
                [
                    0.3230041887297074,
                    -0.9452915176669495,
                    -0.0457410175879261,
                    1.1962161293449318
                ],
                [
                    0.8492064718544959,
                    0.31082852983478376,
                    -0.4268887363250362,
                    -2.7577973838929153
                ],
                [
                    0.4177519146856217,
                    0.09904328178964111,
                    0.903146591705264,
                    3.578781282078476
                ],
                [
                    0.0,
                    0.0,
                    0.0,
                    1.0
                ]
            ]
        },
        {
            "file_path": "images\\train_frame_00052.jpg",
            "transform_matrix": [
                [
                    -0.20786861155833836,
                    -0.7194108783373729,
                    -0.6627508041931434,
                    0.10871625773286583
                ],
                [
                    -0.9731267981869552,
                    0.22072017616595188,
                    0.06562650747735842,
                    0.7834616555705469
                ],
                [
                    0.09907005086913634,
                    0.6585822590710448,
                    -0.7459588011798408,
                    -4.3111236331324525
                ],
                [
                    0.0,
                    0.0,
                    0.0,
                    1.0
                ]
            ]
        },
        {
            "file_path": "images\\train_frame_00051.jpg",
            "transform_matrix": [
                [
                    -0.2192770288528695,
                    -0.74372065061151,
                    -0.6315039021822826,
                    0.2431838288146855
                ],
                [
                    -0.9722993447581108,
                    0.2202695378645114,
                    0.07820047871913988,
                    0.7304797731303245
                ],
                [
                    0.08094176178219674,
                    0.6311583989324286,
                    -0.7714191510823718,
                    -4.331820950386868
                ],
                [
                    0.0,
                    0.0,
                    0.0,
                    1.0
                ]
            ]
        },
        {
            "file_path": "images\\eval_frame_00050.jpg",
            "transform_matrix": [
                [
                    -0.19881306231890167,
                    -0.7110372207438997,
                    -0.6744623317637325,
                    -0.35549466433823307
                ],
                [
                    -0.976236118717673,
                    0.20423901431430935,
                    0.07245319553320537,
                    0.8498590141302353
                ],
                [
                    0.08623460304561074,
                    0.6728391306610444,
                    -0.7347456005236479,
                    -3.9010215206703323
                ],
                [
                    0.0,
                    0.0,
                    0.0,
                    1.0
                ]
            ]
        },
        {
            "file_path": "images\\eval_frame_00040.jpg",
            "transform_matrix": [
                [
                    -0.5645714291564157,
                    -0.7694487653116248,
                    -0.2986765791633122,
                    0.946836799766623
                ],
                [
                    -0.30074311160995526,
                    -0.14521689515608713,
                    0.9425845501494218,
                    3.5029576239433906
                ],
                [
                    -0.7686434037962234,
                    0.621981230361208,
                    -0.14942110586832677,
                    -2.604045203993824
                ],
                [
                    0.0,
                    0.0,
                    0.0,
                    1.0
                ]
            ]
        },
        {
            "file_path": "images\\train_frame_00039.jpg",
            "transform_matrix": [
                [
                    -0.5489203392454597,
                    -0.8101433845017727,
                    -0.20580125779659958,
                    1.8197629566967233
                ],
                [
                    -0.29163636275239396,
                    -0.04511633587041117,
                    0.9554646765622379,
                    3.3487075889225286
                ],
                [
                    -0.7833483855113272,
                    0.5844931246692653,
                    -0.21150199557251279,
                    -2.993644598297078
                ],
                [
                    0.0,
                    0.0,
                    0.0,
                    1.0
                ]
            ]
        },
        {
            "file_path": "images\\train_frame_00038.jpg",
            "transform_matrix": [
                [
                    -0.5405933808494445,
                    -0.8094204412702242,
                    -0.22934111239741256,
                    1.5743340671785344
                ],
                [
                    -0.2591291311763122,
                    -0.09914958377987736,
                    0.9607400550680116,
                    3.3747102772794038
                ],
                [
                    -0.8003817151569472,
                    0.5787986776852487,
                    -0.1561448069973212,
                    -2.794786222240357
                ],
                [
                    0.0,
                    0.0,
                    0.0,
                    1.0
                ]
            ]
        },
        {
            "file_path": "images\\eval_frame_00030.jpg",
            "transform_matrix": [
                [
                    -0.4151260996535848,
                    -0.8399786620915933,
                    -0.34943693081473054,
                    -0.9340689524105696
                ],
                [
                    0.5274231255671059,
                    -0.5351663431574767,
                    0.6598650102623099,
                    3.7722133760357255
                ],
                [
                    -0.7412794129094821,
                    0.08962606976918386,
                    0.6651856880708594,
                    1.1576917734431664
                ],
                [
                    0.0,
                    0.0,
                    0.0,
                    1.0
                ]
            ]
        },
        {
            "file_path": "images\\train_frame_00013.jpg",
            "transform_matrix": [
                [
                    0.08024134306007152,
                    -0.9220224707789396,
                    0.3787293099861896,
                    4.541584997672922
                ],
                [
                    0.9923472554606965,
                    0.10966887151938508,
                    0.0567420760925077,
                    0.0702313578708479
                ],
                [
                    -0.09385228523344134,
                    0.371277930933639,
                    0.9237664458931688,
                    2.264973152513106
                ],
                [
                    0.0,
                    0.0,
                    0.0,
                    1.0
                ]
            ]
        },
        {
            "file_path": "images\\train_frame_00012.jpg",
            "transform_matrix": [
                [
                    0.0836917642869752,
                    -0.933042419660983,
                    0.3498964585469698,
                    4.036396209501372
                ],
                [
                    0.993451042567513,
                    0.1055329216488804,
                    0.04379301850492225,
                    -0.04760655418534817
                ],
                [
                    -0.07778633949514897,
                    0.34393988655203883,
                    0.9357642009750727,
                    2.755883270809084
                ],
                [
                    0.0,
                    0.0,
                    0.0,
                    1.0
                ]
            ]
        },
        {
            "file_path": "images\\eval_frame_00004.jpg",
            "transform_matrix": [
                [
                    0.4141326787281254,
                    -0.8998356305998058,
                    -0.13707648344087672,
                    1.039748417703085
                ],
                [
                    0.7057027883036064,
                    0.41253461902408006,
                    -0.5760197589381568,
                    -2.948390826160483
                ],
                [
                    0.5748718978955072,
                    0.14181334919430807,
                    0.8058605803737461,
                    2.9475688362364028
                ],
                [
                    0.0,
                    0.0,
                    0.0,
                    1.0
                ]
            ]
        },
        {
            "file_path": "images\\train_frame_00002.jpg",
            "transform_matrix": [
                [
                    0.4341468385589029,
                    -0.9002376846632909,
                    0.032994449251156584,
                    3.4593176868427222
                ],
                [
                    0.6668738131948247,
                    0.29654997757885865,
                    -0.6836208218544636,
                    -3.7033564054264554
                ],
                [
                    0.6056367226682211,
                    0.31879495276753644,
                    0.7290911727936641,
                    1.5952826680222705
                ],
                [
                    0.0,
                    0.0,
                    0.0,
                    1.0
                ]
            ]
        },
        {
            "file_path": "images\\train_frame_00001.jpg",
            "transform_matrix": [
                [
                    0.430532666297031,
                    -0.9003783684233388,
                    0.06293184350149002,
                    3.613658512957277
                ],
                [
                    0.6566997540427628,
                    0.26465416940679326,
                    -0.7061894955716739,
                    -3.7493416909904393
                ],
                [
                    0.619182571049399,
                    0.34536497258831417,
                    0.7052205182903634,
                    1.582747461879003
                ],
                [
                    0.0,
                    0.0,
                    0.0,
                    1.0
                ]
            ]
        },
        {
            "file_path": "images\\train_frame_00014.jpg",
            "transform_matrix": [
                [
                    0.062237720230763134,
                    -0.9423973438806229,
                    0.3286543966345562,
                    4.286949354843781
                ],
                [
                    0.9929093632763044,
                    0.09187850389540679,
                    0.07542769279373315,
                    0.3259131915135629
                ],
                [
                    -0.10127913160528836,
                    0.32162958005862685,
                    0.941433455286453,
                    2.276869048666603
                ],
                [
                    0.0,
                    0.0,
                    0.0,
                    1.0
                ]
            ]
        },
        {
            "file_path": "images\\eval_frame_00020.jpg",
            "transform_matrix": [
                [
                    -0.18394662623769106,
                    -0.9730791535716155,
                    -0.13885459869993408,
                    0.35459773715178816
                ],
                [
                    0.8622978829509959,
                    -0.22755966217038182,
                    0.4523924858031268,
                    2.812574375396124
                ],
                [
                    -0.4718114027384265,
                    -0.03651795499819556,
                    0.8809429261925815,
                    2.3877311445260365
                ],
                [
                    0.0,
                    0.0,
                    0.0,
                    1.0
                ]
            ]
        },
        {
            "file_path": "images\\train_frame_00024.jpg",
            "transform_matrix": [
                [
                    -0.24021666701765593,
                    -0.9502582155624858,
                    0.19825558414059663,
                    3.2799571413081385
                ],
                [
                    0.7413809024918901,
                    -0.047758758659161155,
                    0.6693828937100547,
                    2.3739702229229387
                ],
                [
                    -0.6266181535091677,
                    0.30777983157987554,
                    0.7159757432800531,
                    -0.14810143557663458
                ],
                [
                    0.0,
                    0.0,
                    0.0,
                    1.0
                ]
            ]
        },
        {
            "file_path": "images\\train_frame_00025.jpg",
            "transform_matrix": [
                [
                    -0.249094023421517,
                    -0.9371661715595521,
                    0.2442779858687496,
                    3.5838296776127025
                ],
                [
                    0.7263831042318216,
                    -0.01395963748803546,
                    0.6871482477658987,
                    2.340675842654586
                ],
                [
                    -0.6405620605235867,
                    0.3486039233938925,
                    0.6842189351458801,
                    -0.27381322283816245
                ],
                [
                    0.0,
                    0.0,
                    0.0,
                    1.0
                ]
            ]
        },
        {
            "file_path": "images\\train_frame_00026.jpg",
            "transform_matrix": [
                [
                    -0.2489695901853071,
                    -0.9515749765211351,
                    0.1803308271532115,
                    3.2150429810566252
                ],
                [
                    0.7229989881518988,
                    -0.058717569178572335,
                    0.6883492646913267,
                    2.4015386897848177
                ],
                [
                    -0.644427347568592,
                    0.30175703989892394,
                    0.7026066343105142,
                    -0.12551726626742793
                ],
                [
                    0.0,
                    0.0,
                    0.0,
                    1.0
                ]
            ]
        },
        {
            "file_path": "images\\eval_frame_00060.jpg",
            "transform_matrix": [
                [
                    0.192409568212097,
                    -0.49784696847277354,
                    -0.8456517924316743,
                    -3.307103752812629
                ],
                [
                    -0.6536530715264418,
                    0.5777294618952475,
                    -0.4888418260974358,
                    -0.7694938147690679
                ],
                [
                    0.731926376177606,
                    0.6468207362482254,
                    -0.21425852378568408,
                    -2.259375653278128
                ],
                [
                    0.0,
                    0.0,
                    0.0,
                    1.0
                ]
            ]
        },
        {
            "file_path": "images\\train_frame_00063.jpg",
            "transform_matrix": [
                [
                    0.25360962789114355,
                    -0.8009728397129812,
                    -0.5423326162817785,
                    -0.11520377842819698
                ],
                [
                    -0.5798545145516302,
                    0.32287497746480887,
                    -0.7480110232350804,
                    -1.9070171168419334
                ],
                [
                    0.7742421446776251,
                    0.5041768132007086,
                    -0.3825635142505998,
                    -3.746668776889742
                ],
                [
                    0.0,
                    0.0,
                    0.0,
                    1.0
                ]
            ]
        },
        {
            "file_path": "images\\train_frame_00064.jpg",
            "transform_matrix": [
                [
                    0.29166187019829437,
                    -0.8100013020571183,
                    -0.5087546010978244,
                    0.07999590479354474
                ],
                [
                    -0.5767970626106094,
                    0.2753606546213076,
                    -0.769078447526842,
                    -2.060146311020183
                ],
                [
                    0.7630455438807083,
                    0.517759017837737,
                    -0.3868941682314374,
                    -3.8386321383625286
                ],
                [
                    0.0,
                    0.0,
                    0.0,
                    1.0
                ]
            ]
        },
        {
            "file_path": "images\\eval_frame_00070.jpg",
            "transform_matrix": [
                [
                    0.47799115449732577,
                    -0.6248877516710547,
                    -0.6172841760759851,
                    -3.5869281378504128
                ],
                [
                    0.11778042013794315,
                    0.7420166059449862,
                    -0.6599538840964669,
                    -1.577320061444207
                ],
                [
                    0.8704322080750707,
                    0.24274812937153084,
                    0.4282769160627027,
                    0.694954901167596
                ],
                [
                    0.0,
                    0.0,
                    0.0,
                    1.0
                ]
            ]
        },
        {
            "file_path": "images\\train_frame_00075.jpg",
            "transform_matrix": [
                [
                    0.5136215664822913,
                    -0.844170770096549,
                    -0.15352067404384576,
                    1.3443456517740964
                ],
                [
                    0.2304231666414422,
                    0.30806100106231776,
                    -0.9230404020948448,
                    -2.8301738754192733
                ],
                [
                    0.8264974595963422,
                    0.4387187373922866,
                    0.35274327596952204,
                    -1.3812990820631283
                ],
                [
                    0.0,
                    0.0,
                    0.0,
                    1.0
                ]
            ]
        },
        {
            "file_path": "images\\train_frame_00076.jpg",
            "transform_matrix": [
                [
                    0.4984514099032439,
                    -0.843525474802381,
                    -0.20002741143374847,
                    1.1677913078394722
                ],
                [
                    0.24074716453101008,
                    0.35634572248891305,
                    -0.9028059198045464,
                    -2.8576341679393136
                ],
                [
                    0.8328187046024765,
                    0.4018488514644184,
                    0.380697394055936,
                    -1.304681525119838
                ],
                [
                    0.0,
                    0.0,
                    0.0,
                    1.0
                ]
            ]
        },
        {
            "file_path": "images\\eval_frame_00080.jpg",
            "transform_matrix": [
                [
                    0.50008041581722,
                    -0.6207501227151422,
                    -0.603811943294609,
                    -2.520950273643985
                ],
                [
                    0.3864556498208411,
                    0.783949320993894,
                    -0.4858760056174451,
                    -1.8650591358681456
                ],
                [
                    0.7749655530651848,
                    0.009630538009278993,
                    0.631930094472501,
                    1.7102062208858144
                ],
                [
                    0.0,
                    0.0,
                    0.0,
                    1.0
                ]
            ]
        },
        {
            "file_path": "images\\eval_frame_00090.jpg",
            "transform_matrix": [
                [
                    -0.10429126614755235,
                    -0.9915726725994818,
                    0.0768567938393314,
                    1.3820780549254716
                ],
                [
                    0.9379977911597751,
                    -0.07238047423817151,
                    0.3390003108087665,
                    1.602700944233414
                ],
                [
                    -0.33058051301418745,
                    0.10744627449557512,
                    0.937641627975368,
                    2.2587049190427364
                ],
                [
                    0.0,
                    0.0,
                    0.0,
                    1.0
                ]
            ]
        },
        {
            "file_path": "images\\eval_frame_00100.jpg",
            "transform_matrix": [
                [
                    -0.5717935761296598,
                    -0.7107871558892273,
                    -0.4096751460849901,
                    -0.3392493129800827
                ],
                [
                    -0.36512605379833896,
                    -0.2266969255940612,
                    0.9029349194509271,
                    2.9224728596925895
                ],
                [
                    -0.7346666394593583,
                    0.6658754560344627,
                    -0.12990306353735057,
                    -1.9834261758722016
                ],
                [
                    0.0,
                    0.0,
                    0.0,
                    1.0
                ]
            ]
        },
        {
            "file_path": "images\\eval_frame_00110.jpg",
            "transform_matrix": [
                [
                    -0.00338807013840678,
                    -0.48801620992431216,
                    -0.8728279898306693,
                    -1.7668621626178724
                ],
                [
                    -0.9174415597852684,
                    0.3487809038216748,
                    -0.1914493810596132,
                    0.26509718819522526
                ],
                [
                    0.3978561365110643,
                    0.8001200284835052,
                    -0.44890804699854076,
                    -3.015058020132481
                ],
                [
                    0.0,
                    0.0,
                    0.0,
                    1.0
                ]
            ]
        },
        {
            "file_path": "images\\eval_frame_00120.jpg",
            "transform_matrix": [
                [
                    0.40699201753435377,
                    -0.7479582037033637,
                    -0.5243243492115864,
                    -0.9357192302949299
                ],
                [
                    0.06598661920104365,
                    0.5965912000972181,
                    -0.7998279227765039,
                    -1.6462437465256774
                ],
                [
                    0.9110451491280399,
                    0.2909251888018608,
                    0.2921630893368786,
                    -0.9407514641007448
                ],
                [
                    0.0,
                    0.0,
                    0.0,
                    1.0
                ]
            ]
        }
    ]
}